GeneID	GeneName	baseMean	log2FoldChange	lfcSE	stat	pvalue	padj
ENSMUSG00000062478	Ctrc	3481.96870348693	6.68927396346912	0.647676060085602	10.3281167480314	5.25827857627107e-25	5.28351831343717e-21
ENSMUSG00000058119	Gm5771	2045.90554873569	6.57620327205078	0.715185803306684	9.19509761190099	3.74654286030095e-20	1.8822631330152e-16
ENSMUSG00000005640	Insrr	695.055028641291	-6.53608669953211	0.73029769322027	-8.9498936669388	3.55824949588859e-19	1.19177636448962e-15
ENSMUSG00000071519	Prss3	3715.56065367953	5.93227748900768	0.682818090303202	8.68793251563309	3.69094923650013e-18	9.27166448208833e-15
ENSMUSG00000062751	Prss1	581.066521591825	7.51048310221084	0.871425926814611	8.61861332226421	6.77697896154987e-18	1.36190169211306e-14
ENSMUSG00000036938	Try5	66609.4717663258	4.77916427870335	0.602334783100557	7.93439863144262	2.1151769813034e-15	3.54221638468943e-12
ENSMUSG00000022315	Slc30a8	958.026165024947	-5.82230744882941	0.756621581490954	-7.69513795437384	1.41341593402616e-14	2.02885761501355e-11
ENSMUSG00000071517	Gm10334	433.478453569898	6.72165627892859	0.891497542808322	7.53973618116162	4.70923178823508e-14	5.91479512602326e-11
ENSMUSG00000084899	Gm15344	142.154433608879	-6.27521339782287	0.839791322781256	-7.47234846037745	7.87760653609964e-14	8.79491005274769e-11
ENSMUSG00000071521	Try10	1802.21483793371	4.70895184065104	0.646514801006191	7.28359479678169	3.25040333046639e-13	3.26600526645263e-10
ENSMUSG00000022479	Vdr	288.225559428769	-5.26905320858088	0.73155970442613	-7.20249239631668	5.91217403338907e-13	5.40050224431758e-10
ENSMUSG00000031255	Sytl4	466.356167726988	-5.42265036273418	0.756916327854723	-7.16413447983508	7.82795324120562e-13	6.55460618063617e-10
ENSMUSG00000035187	Nkx6-1	350.598886975024	-5.19648389254765	0.735036406733532	-7.06969592926775	1.55273556060547e-12	1.11398655464437e-09
ENSMUSG00000071553	Cpa2	22592.6227709047	4.31099882173223	0.609352247669505	7.07472375497069	1.49746762078043e-12	1.11398655464437e-09
ENSMUSG00000035896	Rnase1	26202.0084573369	4.26477393552172	0.604061134133051	7.06016940097052	1.66299744423424e-12	1.11398655464437e-09
ENSMUSG00000030406	Gipr	153.93796652732	-6.45738647407708	0.93152294361912	-6.93207453268845	4.147133446747e-12	2.60439980455712e-09
ENSMUSG00000032890	Rims3	171.399117885264	-5.28227820952625	0.76942867099027	-6.86519544784814	6.64002794906067e-12	3.92464710777421e-09
ENSMUSG00000024225	Clps	30127.8091656635	4.19587607732822	0.612980903486283	6.84503555243644	7.64568809882424e-12	4.26799300094366e-09
ENSMUSG00000026163	Sphkap	891.14243115742	-5.70059400294278	0.834288689704779	-6.83287940168528	8.32269208229324e-12	4.40139000225697e-09
ENSMUSG00000053965	Pde5a	382.906565529732	-5.01252405050983	0.737752601649869	-6.79431565446208	1.08827873426023e-11	5.46751236092341e-09
ENSMUSG00000023140	Reg2	1024.23777548949	4.27071364106663	0.631403823114116	6.76383874269758	1.34382652215374e-11	5.84221946081262e-09
ENSMUSG00000084174	Sycn	12073.9418596824	4.07930280393789	0.603591836424224	6.758379682708	1.395434584589e-11	5.84221946081262e-09
ENSMUSG00000031896	Ctrl	44077.1480314193	4.05313734517574	0.598641874503445	6.77055434609832	1.28289881736423e-11	5.84221946081262e-09
ENSMUSG00000024503	Spink1	1627.851115822	4.20801522520372	0.622362501941826	6.76135726698562	1.36704953426064e-11	5.84221946081262e-09
ENSMUSG00000022211	Carmil3	173.685193972728	-5.24518273095592	0.776864685655935	-6.75173273776401	1.46089803451849e-11	5.87164138033673e-09
ENSMUSG00000042179	Pnliprp1	51532.5148507958	4.01969814378215	0.597064020998172	6.73244074741268	1.66840338836532e-11	6.44773740242105e-09
ENSMUSG00000027690	Slc2a2	637.62332978579	-4.28484684974008	0.638566969539926	-6.71009785054687	1.94493946800828e-11	7.23805621279528e-09
ENSMUSG00000063903	Klk1	11011.6959356387	4.01513901430284	0.60175439924521	6.67238830216961	2.51673591973248e-11	9.0314866148114e-09
ENSMUSG00000029882	2210010C04Rik	64925.576144819	4.03584873852134	0.605711546990206	6.66298794958682	2.6831566996593e-11	9.29667535109539e-09
ENSMUSG00000070880	Gad1	111.498010801768	-6.14304717070631	0.926301976489461	-6.63179754186371	3.31623242101616e-11	1.11071677887901e-08
ENSMUSG00000002265	Peg3	2001.64918319301	-5.06443713905742	0.766852420467612	-6.60418746017548	3.99703492608629e-11	1.29555506249404e-08
ENSMUSG00000030785	Cox6a2	105.884956409638	-6.38481682250384	0.973149195732681	-6.56098453402793	5.34536655842471e-11	1.67844509934536e-08
ENSMUSG00000068615	Gjd2	266.588838437469	-5.35018614257376	0.816826419793529	-6.54996705900641	5.75497764669487e-11	1.72889819459459e-08
ENSMUSG00000023433	Cela3b	50191.3725634189	3.89938082106746	0.595551118815776	6.54751657392767	5.85017303107246e-11	1.72889819459459e-08
ENSMUSG00000057163	Prss2	82416.4118163451	3.95813049635277	0.606248432115283	6.52889193056108	6.62580347573406e-11	1.90217352354788e-08
ENSMUSG00000005373	Mlxipl	415.362253518736	-4.81285228089999	0.739189304971382	-6.51098744060741	7.46583869064869e-11	2.0432733681786e-08
ENSMUSG00000024899	Papss2	402.544550442654	-4.88913353773209	0.751039524666522	-6.50982188973739	7.52399628011627e-11	2.0432733681786e-08
ENSMUSG00000029420	Rimbp2	383.254438388364	-4.92767943651262	0.758388285700186	-6.49756797332795	8.16288146062929e-11	2.1584377083264e-08
ENSMUSG00000005268	Prlr	394.407543698706	-5.6708793943808	0.873405001443516	-6.49284053217955	8.42328381559593e-11	2.17018348151559e-08
ENSMUSG00000023031	Cela1	116358.986486094	3.9611420268501	0.612620598668768	6.46589754810353	1.00699289644232e-10	2.52956615586311e-08
ENSMUSG00000054106	Try4	87545.3235523082	3.98128759337696	0.617553968298568	6.44686585748265	1.14186766033677e-10	2.79841128074729e-08
ENSMUSG00000011463	Cpb1	73965.4662868524	3.9525623508452	0.614152566727736	6.43579879817946	1.22825647366375e-10	2.93845739223174e-08
ENSMUSG00000031957	Ctrb1	219351.906381291	3.83429033299979	0.598250296340581	6.40917414743234	1.46309996551241e-10	3.41889033801597e-08
ENSMUSG00000049350	Zg16	14854.2334002487	3.85019033278064	0.604989496127927	6.36406145465789	1.9648746355166e-10	4.48705916765246e-08
ENSMUSG00000025091	Pnliprp2	7523.38861388858	3.8639595199642	0.608389068392724	6.35113239324339	2.13735655065852e-10	4.7724796935593e-08
ENSMUSG00000114985	1810028F09Rik	796.082075399635	4.0328273040507	0.643184241070812	6.27009657036468	3.60824251550758e-10	7.88165669474352e-08
ENSMUSG00000044748	Defb1	131.915681181753	-5.09043985570682	0.820044925477921	-6.20751339048908	5.38295236292796e-10	1.15080649665319e-07
ENSMUSG00000024027	Glp1r	464.130140854148	-4.07090977724875	0.661677048240006	-6.15241194790866	7.63133425763186e-10	1.59749263793094e-07
ENSMUSG00000074102	Rbm15b	572.173304409126	-3.95309437316885	0.642881164274549	-6.14902814523998	7.79591457958317e-10	1.59863978970718e-07
ENSMUSG00000024184	Pdia2	3281.25036999282	3.71640309547211	0.608992321364235	6.10254508159775	1.04392652006634e-09	2.09787473472531e-07
ENSMUSG00000049892	Rasd1	246.221890954836	-4.26391786370704	0.701465445269661	-6.07858575566453	1.21247134480805e-09	2.38880628875122e-07
ENSMUSG00000071356	Reg3b	393.51289399151	4.1986582209487	0.691824874546872	6.06896105564102	1.28740356933449e-09	2.48765982012941e-07
ENSMUSG00000046008	Pnlip	104651.76706861	3.63817266053836	0.59992644427772	6.06436454875484	1.32476369094136e-09	2.51155199369412e-07
ENSMUSG00000034528	Hsd17b13	218.210708430246	4.55674990576647	0.767482683669785	5.93726738429846	2.89811807814882e-09	5.39264637948876e-07
ENSMUSG00000058579	Cela2a	77228.0284557096	3.61842059168996	0.61027945958535	5.92912072470615	3.04561114901134e-09	5.5640546955029e-07
ENSMUSG00000044156	Hepacam2	340.994338423908	-4.46545220224482	0.754643387086384	-5.91730117650081	3.27267100895581e-09	5.87210683892642e-07
ENSMUSG00000020788	Atp2a3	860.957893504035	-4.12248361934772	0.702146358132741	-5.87125970475855	4.32496132123566e-09	7.62407216767999e-07
ENSMUSG00000040205	Cuzd1	2150.40472283056	3.66682238378041	0.625336619749965	5.8637576434378	4.52507821752102e-09	7.70643829316122e-07
ENSMUSG00000022490	Ppp1r1a	327.285811465844	-5.11485117196083	0.872066695439549	-5.86520640990972	4.48574319936404e-09	7.70643829316122e-07
ENSMUSG00000061601	Pclo	180.239473799809	-4.34743278192757	0.741969657235333	-5.85931343624835	4.64784714947216e-09	7.78359469298272e-07
ENSMUSG00000026409	Pfkfb2	114.787486126246	-4.78895821775858	0.819263165583751	-5.84544554050138	5.05214205824402e-09	8.32195465594031e-07
ENSMUSG00000054446	Cpa1	60736.3942276493	3.54138547296326	0.608984011948092	5.81523554556818	6.05485658642496e-09	9.81277402909645e-07
ENSMUSG00000059654	Reg1	20683.3428386442	3.50381119543604	0.604919172486019	5.79219729643636	6.94714627391996e-09	1.10801469460869e-06
ENSMUSG00000030219	Erp27	558.091681502326	3.7867021789946	0.654787112255405	5.78310432218399	7.33345526567092e-09	1.15135247671033e-06
ENSMUSG00000068341	Reg3d	354.218475201173	3.97845821649693	0.689153415038465	5.7729645238352	7.78888453982174e-09	1.20404172086352e-06
ENSMUSG00000040687	Madd	349.938213803082	-4.07374703809092	0.70646963646117	-5.7663441255551	8.10095639573838e-09	1.23330924036938e-06
ENSMUSG00000024907	Gal	164.989721062237	5.31516559288168	0.935987974893261	5.67866867465665	1.35747130479619e-08	2.00586348096943e-06
ENSMUSG00000051166	Eml5	176.996384327429	-4.29801743727362	0.757370693282551	-5.67491913193183	1.38754187819159e-08	2.02058272348828e-06
ENSMUSG00000044933	Sstr3	194.406879202488	-4.48350656337431	0.790900786628961	-5.66886092310549	1.43749989550107e-08	2.06342842142783e-06
ENSMUSG00000005233	Spc25	343.951045961396	-4.68844160670287	0.833858861353405	-5.62258413743213	1.88121890807449e-08	2.66232219553978e-06
ENSMUSG00000066512	Klk1b5	184.70732451901	4.38715860091389	0.781936813447021	5.61063058480893	2.01590686130396e-08	2.8133100197753e-06
ENSMUSG00000032356	Rasgrf1	158.665747086832	-4.73438412501063	0.845083487698832	-5.60226793438172	2.1156518513912e-08	2.87271213551065e-06
ENSMUSG00000026818	Cel	50874.1213909104	3.41206913580234	0.609574437687639	5.5974609905653	2.17513774020121e-08	2.9141045351389e-06
ENSMUSG00000034139	Serpini2	658.752268336196	3.67983059152706	0.658670635583998	5.58675367130099	2.31353515212528e-08	3.01901314396816e-06
ENSMUSG00000040147	Maob	161.889649372231	-4.33050549624131	0.776989774098896	-5.57343949766077	2.49758418181186e-08	3.21740075113405e-06
ENSMUSG00000054728	Phactr1	198.298013700898	-4.92729904100734	0.884722521563553	-5.56931571302087	2.55741720942345e-08	3.25277571142871e-06
ENSMUSG00000040035	Disp2	444.827079309565	-4.10980837356359	0.743111640251179	-5.53053962682435	3.19247167030265e-08	4.00974441790012e-06
ENSMUSG00000055567	Unc80	204.935738914904	-4.57311198805797	0.827574765683814	-5.52592004696914	3.27763380209275e-08	4.06588449918863e-06
ENSMUSG00000059014	Gm5409	122.983947076868	5.05994833198808	0.91764443192419	5.51406204402938	3.5064489510939e-08	4.24491554946886e-06
ENSMUSG00000040543	Pitpnm3	142.897059541116	-4.26256414829382	0.774281493866728	-5.50518665634996	3.68777331937395e-08	4.38959369883271e-06
ENSMUSG00000079620	Muc4	125.333652640164	-4.42545920425744	0.80404859028171	-5.50396985673082	3.7133306568549e-08	4.38959369883271e-06
ENSMUSG00000028354	Fmn2	106.67981336281	-5.00691512725222	0.916731784924527	-5.46170124085359	4.71593248700977e-08	5.50996391040397e-06
ENSMUSG00000046613	Vwa5b2	223.143414573976	-4.61088272764626	0.848888254937131	-5.43167219104444	5.58284089783741e-08	6.44786038407704e-06
ENSMUSG00000058297	Spock2	533.211755925507	-3.94500762361047	0.726967088458348	-5.42666605716154	5.74164071133604e-08	6.55590975767097e-06
ENSMUSG00000017007	Rbpjl	433.801716746871	3.69592404769833	0.683373399521583	5.40835222776564	6.36072371483681e-08	7.18118560524497e-06
ENSMUSG00000020182	Ddc	363.455627379787	-4.12390990484903	0.763339571360331	-5.40245790939398	6.57338850308059e-08	7.33882307543931e-06
ENSMUSG00000057069	Ero1lb	2462.27686193276	-3.26348242025272	0.605182745160609	-5.39255695300206	6.94620726984732e-08	7.66983413707977e-06
ENSMUSG00000014602	Kif1a	287.138608200803	-3.74307576789143	0.697380772869235	-5.36733433657955	7.99088474172847e-08	8.63359246074061e-06
ENSMUSG00000097715	Gpr137b-ps	234.254109543531	-3.74982729583918	0.701110695665118	-5.34840977184331	8.87303916894551e-08	9.48471250740048e-06
ENSMUSG00000029467	Atp2a2	1796.4584432543	-3.32208258930429	0.622558818012681	-5.33617466042642	9.49279644119139e-08	1.00403809095885e-05
ENSMUSG00000045903	Npas4	114.781574542943	-4.50638729986739	0.846195641835564	-5.32546739438666	1.0069377840522e-07	1.04306297465531e-05
ENSMUSG00000020635	Fkbp1b	107.962113182363	-4.78545543404293	0.905293094045834	-5.28608410416157	1.24962458166584e-07	1.25562277965783e-05
ENSMUSG00000040136	Abcc8	1519.35857930945	-4.37007775605203	0.828382593548641	-5.27543406885386	1.32442221924222e-07	1.31760341177681e-05
ENSMUSG00000034648	Lrrn1	204.221249456024	-4.10738921375211	0.781768799126026	-5.25396922765905	1.48855762219923e-07	1.45213854251047e-05
ENSMUSG00000030954	Gp2	4819.72234032777	3.28292202960032	0.625300351752105	5.25015221949181	1.51973573787147e-07	1.45920590322169e-05
ENSMUSG00000041592	Sdk2	104.414820344759	-4.76639591235671	0.90796557826161	-5.24953371193041	1.52484693310387e-07	1.45920590322169e-05
ENSMUSG00000027984	Hadh	834.088102963905	-3.43471617464987	0.658066283644476	-5.2194076189831	1.79496319835799e-07	1.70148964312275e-05
ENSMUSG00000028137	Celf3	313.590896952793	-4.08120083523297	0.784054735551773	-5.20524990179525	1.93735709588523e-07	1.80245963883841e-05
ENSMUSG00000022491	Glycam1	163.187882573291	8.49115284194208	1.63472376324858	5.19424323108154	2.0555425534483e-07	1.89487078688518e-05
ENSMUSG00000025738	Fbxl16	245.802926001673	-3.93984298761522	0.760894454766821	-5.17790997546776	2.24385454278777e-07	2.04965913144832e-05
ENSMUSG00000056553	Ptprn2	685.532734271247	-3.63693340617672	0.710298255916079	-5.12029049189503	3.05065365754692e-07	2.73687213848495e-05
ENSMUSG00000019944	Rhobtb1	141.513136139365	-3.93474306018753	0.768890286855161	-5.1174310918675	3.09725161939984e-07	2.75408710369289e-05
ENSMUSG00000033740	St18	129.985285418657	-4.31829711585848	0.844730198684808	-5.11204301986811	3.1869322472077e-07	2.80897326490728e-05
ENSMUSG00000031303	Map3k15	304.825613413093	-4.42225019194655	0.86552903730415	-5.10930309827671	3.23349271734543e-07	2.8252291151206e-05
ENSMUSG00000031919	Tmed6	364.557821952836	3.49961599603154	0.686356882010268	5.09882844881153	3.41762107517053e-07	2.96036694511323e-05
ENSMUSG00000092341	Malat1	1769.40348156767	-3.08845627375862	0.60988647569779	-5.06398550685195	4.10580876380683e-07	3.52608260331035e-05
ENSMUSG00000015968	Cacna1d	142.355627369303	-3.90152379068927	0.773631078973338	-5.04313218112548	4.57972652852861e-07	3.86698253434079e-05
ENSMUSG00000037278	Tmem97	513.538323986529	3.291217414208	0.652612181569827	5.04314431626319	4.57943597501018e-07	3.86698253434079e-05
ENSMUSG00000055409	Nell1	189.571563477476	-4.70593201361353	0.935394820979487	-5.03095795279877	4.88035181162058e-07	4.08648125026363e-05
ENSMUSG00000030717	Nupr1	1665.3863959505	3.20299964535809	0.637565178936883	5.02379952854228	5.06591166813392e-07	4.20680003648014e-05
ENSMUSG00000038024	Dennd4c	255.416423839166	-3.55550369631593	0.708234231231951	-5.0202370056743	5.1607764314735e-07	4.2504493101185e-05
ENSMUSG00000023473	Celsr3	150.56147356041	-4.4047780040844	0.877962589304034	-5.01704521097658	5.24722231876984e-07	4.28651137065036e-05
ENSMUSG00000034701	Neurod1	170.549655162804	-4.36648838023267	0.871173449482172	-5.01219175449862	5.38135371135034e-07	4.36063242674582e-05
ENSMUSG00000000184	Ccnd2	668.346957388845	-3.25927978576003	0.652950157232023	-4.99162110562424	5.9874622164813e-07	4.73716695678773e-05
ENSMUSG00000026131	Dst	547.707465199941	-3.31775841606607	0.666770091110356	-4.9758656848886	6.49566787359254e-07	5.09909928077014e-05
ENSMUSG00000046157	Tmem229b	124.111014276386	-4.18413350912193	0.841589635879289	-4.97170275243512	6.63674072804443e-07	5.16945510351864e-05
ENSMUSG00000024028	Tff2	1433.82072635892	3.0451122466683	0.615355041237381	4.9485452179689	7.47702213266412e-07	5.7791629530007e-05
ENSMUSG00000039470	Zdhhc2	185.430164001761	-4.18383310802562	0.848989980442985	-4.92801234926539	8.30703679009421e-07	6.371687455486e-05
ENSMUSG00000028976	Slc2a5	282.397878150999	-4.16700862593324	0.847986227474955	-4.91400507569718	8.92344378254671e-07	6.7926335702295e-05
ENSMUSG00000032186	Tmod2	249.224112950652	-4.00991420400283	0.816549598502008	-4.91080298289189	9.07041872384851e-07	6.85259904791202e-05
ENSMUSG00000034799	Unc13a	150.251802057245	-3.83874140253704	0.783002431883103	-4.90259192848859	9.45803292017207e-07	7.09211304342455e-05
ENSMUSG00000070802	Pnmal2	221.659625874525	-3.72489691589901	0.760249522369289	-4.89957153052923	9.60458789113285e-07	7.14865919482243e-05
ENSMUSG00000040721	Zfhx2	118.52199874532	-4.13028491369075	0.84640640591942	-4.87978928893405	1.06199242265646e-06	7.84624989915599e-05
ENSMUSG00000026072	Il1r1	405.620662803113	-3.89492781042629	0.799422931162736	-4.8721742379359	1.10376757991495e-06	8.09536981239811e-05
ENSMUSG00000021268	Meg3	1495.79314522943	-3.7905457967813	0.778567716204573	-4.86861414606269	1.12383600648947e-06	8.18282912551176e-05
ENSMUSG00000027168	Pax6	315.850610348351	-3.99522438794712	0.823289115774036	-4.852759876694	1.21755078282296e-06	8.67656047220223e-05
ENSMUSG00000058153	Sez6l	209.608454762809	-4.40286846593725	0.90725463935431	-4.85295778599794	1.21633589297877e-06	8.67656047220223e-05
ENSMUSG00000025408	Ddit3	271.724474655769	-3.50945486686988	0.725083667093121	-4.84006884466088	1.29794157466605e-06	9.05674787655866e-05
ENSMUSG00000052512	Nav2	217.102319072324	-3.39453726851486	0.705856610996549	-4.80910317425851	1.51608944243746e-06	0.00010434018299734
ENSMUSG00000045091	Aqp12	316.165780126569	3.37584020640272	0.70261714064675	4.80466531644147	1.55010578449787e-06	0.00010595553008595
ENSMUSG00000096146	Kcnj11	127.284071563453	-4.13338801823724	0.862353354281253	-4.79314888463825	1.64183685307724e-06	0.000111467410133244
ENSMUSG00000031748	Gnao1	384.917991741839	-3.69839234929599	0.773730451368938	-4.77994932570191	1.75339383505312e-06	0.000117454008364091
ENSMUSG00000021733	Slc4a7	159.127714152033	-3.90197459993064	0.816180336577186	-4.78077506289154	1.74620657700017e-06	0.000117454008364091
ENSMUSG00000040860	Crocc	121.787812239629	-4.30597993538269	0.901303789194934	-4.77750120104221	1.77486990679945e-06	0.000118105250486893
ENSMUSG00000000794	Kcnn3	101.906105893517	-4.29915897969001	0.901287418929715	-4.77001996188439	1.84207663828831e-06	0.000121770960931059
ENSMUSG00000041235	Chd7	216.349133895101	-3.58952961600187	0.753861671782177	-4.76152290315543	1.92137487725127e-06	0.000126182841611901
ENSMUSG00000028357	Kif12	420.475110028592	-3.11466183712964	0.654525653578981	-4.75865509640227	1.94887115179691e-06	0.000127157515151009
ENSMUSG00000042249	Grk3	153.029352208915	-3.63773797628802	0.772852594949232	-4.70689753785064	2.51515243927291e-06	0.000160969756113466
ENSMUSG00000031161	Hdac6	171.364586193682	-3.63924082716003	0.776453050131896	-4.68700693047936	2.77229582523064e-06	0.000174100177824484
ENSMUSG00000053617	Sh3pxd2a	355.761344827546	-3.29551351760808	0.70299021221431	-4.68785121094037	2.76088624193856e-06	0.000174100177824484
ENSMUSG00000029644	Pdx1	145.432972657476	-3.65304466137592	0.783571698849713	-4.66204262703542	3.13086319658433e-06	0.000195396977635275
ENSMUSG00000033717	Adra2a	237.177039451229	-3.7160739643619	0.799904691317544	-4.64564591844193	3.39014045126403e-06	0.000208982400333135
ENSMUSG00000027004	Frzb	178.755567768378	-3.92707812437994	0.84774924842089	-4.63235813148162	3.61524064556944e-06	0.000220157200040495
ENSMUSG00000027220	Syt13	946.539579930037	-3.8750669489625	0.836804227434427	-4.63079274927081	3.64268349890055e-06	0.00022049207106598
ENSMUSG00000026797	Stxbp1	225.942369139441	-3.33442605436003	0.72227778421395	-4.61654245393809	3.90186230921524e-06	0.000234765943011944
ENSMUSG00000042216	Sgsm1	186.142396044267	-3.69241770778481	0.801707009339204	-4.60569467994079	4.11091184337547e-06	0.000244416817764715
ENSMUSG00000047517	Dmbt1	10332.4286227204	2.74411784597099	0.59746549686925	4.59293107359388	4.37063451119268e-06	0.000256798516268806
ENSMUSG00000024044	Epb41l3	191.607063971206	-3.43828344586431	0.748798871322015	-4.59173160850787	4.3958344743466e-06	0.000256798516268806
ENSMUSG00000021913	Ogdhl	115.41533497359	-4.15971928499255	0.915450354872894	-4.54390482547807	5.52215984669807e-06	0.000318888862871392
ENSMUSG00000029173	Sepsecs	122.567941152055	-3.67561940500575	0.810888655229854	-4.5328287444888	5.81989988598692e-06	0.00033416202316798
ENSMUSG00000002221	Paxip1	194.72549999203	-3.49133581733866	0.773605802664251	-4.51306829048426	6.3896436732951e-06	0.000362729602425249
ENSMUSG00000031596	Slc7a2	334.465631806382	-3.77248538014448	0.835690184028681	-4.51421525852816	6.35516430205589e-06	0.000362729602425249
ENSMUSG00000025867	Cplx2	253.570482454701	-3.69555718136019	0.820577693315189	-4.50360424304235	6.68105725985698e-06	0.000377141928915971
ENSMUSG00000005034	Prkacb	546.200972744515	-3.23321614631872	0.719777105168157	-4.4919685873634	7.05678339479961e-06	0.000392648919238522
ENSMUSG00000038486	Sv2a	109.633631523114	-3.89062546615568	0.868348000511404	-4.48049107485056	7.44714941911424e-06	0.000408901406356611
ENSMUSG00000021303	Gng4	146.630257321055	-3.97520255497341	0.887153385054508	-4.48085147612796	7.43458367286656e-06	0.000408901406356611
ENSMUSG00000042258	Isl1	164.899918266743	-4.04440699227277	0.907033498721364	-4.45893894544593	8.23663767897231e-06	0.000449792040208227
ENSMUSG00000023387	Kcnk16	451.215941065822	-3.90694351440404	0.876968525539108	-4.45505556998444	8.38714677502511e-06	0.000449801007916127
ENSMUSG00000036395	Glb1l2	135.503071257255	-3.60463834697584	0.808963436324334	-4.45587301615775	8.35524797235177e-06	0.000449801007916127
ENSMUSG00000022464	Slc38a4	345.71150405192	-3.13841701608227	0.704758028589994	-4.45318377196963	8.46062803504658e-06	0.000449801007916127
ENSMUSG00000038807	Rap1gap2	525.072003361262	-2.87805723669097	0.646849328987646	-4.44934717826064	8.61316904795121e-06	0.000455500645230599
ENSMUSG00000057880	Abat	116.910396790259	-3.66237857072016	0.829810354164431	-4.41351274100207	1.01706729499902e-05	0.000532265217716152
ENSMUSG00000054423	Cadps	148.163265563276	-3.62000963984386	0.82078415908109	-4.41042824692992	1.03166387508293e-05	0.000537106664084627
ENSMUSG00000062444	Ap3b2	162.50403410045	-3.57984976491549	0.812036088224796	-4.40848604738917	1.04095725174451e-05	0.000539151467295301
ENSMUSG00000058881	Zfp516	175.042836593995	-3.33664881525152	0.758128436239286	-4.40116562808677	1.07670893956053e-05	0.000551978133913479
ENSMUSG00000040605	Bace2	314.601675707135	-3.46643156455248	0.787983080235224	-4.39911928504569	1.08691074608338e-05	0.000554379653636844
ENSMUSG00000017756	Slc12a7	209.866028073973	-3.17440110468897	0.721914522303015	-4.39719801530264	1.09657296641275e-05	0.000556483089217947
ENSMUSG00000039878	Slc39a5	189.310792894952	3.27349167635539	0.747076881299457	4.38173333735279	1.17738858571064e-05	0.000591520025461025
ENSMUSG00000032285	Dnaja4	171.087515079109	-3.73082244267821	0.854062786251956	-4.36832338644665	1.25204007585847e-05	0.000622796964466627
ENSMUSG00000066036	Ubr4	641.879528144656	-2.84150910834758	0.650672757864152	-4.36703254286362	1.25945968152331e-05	0.000623401521179617
ENSMUSG00000033763	Mtss2	108.10383400246	-3.62808470776692	0.8338443614107	-4.35103344901069	1.35497377858037e-05	0.000664135440350027
ENSMUSG00000020340	Cyfip2	308.988993576899	-2.97800130345519	0.687076795551423	-4.33430632898198	1.46220449864761e-05	0.000705928650794943
ENSMUSG00000039278	Pcsk1n	588.875288165427	-3.39494481504013	0.787515563646707	-4.31095583599558	1.62550371626643e-05	0.00077407873654242
ENSMUSG00000029522	Pla2g1b	1179.31222509918	2.7225468056062	0.632253064853127	4.3061029783045	1.66155729991337e-05	0.000787515459883471
ENSMUSG00000037852	Cpe	3214.62217651099	-3.50506379769348	0.814175586072661	-4.30504654972628	1.66950626591199e-05	0.000787568026285616
ENSMUSG00000026113	Inpp4a	139.174146152643	-3.37212767652044	0.78670468602807	-4.28639581841784	1.81595305812248e-05	0.00084868355014022
ENSMUSG00000029657	Hsph1	647.464064263532	-2.71519957437725	0.634195902062105	-4.28132626771744	1.85782735375462e-05	0.000863373807398837
ENSMUSG00000020787	P2rx1	131.396317568405	3.46872363583192	0.812707631801882	4.26810761963844	1.97138220120759e-05	0.000908644420079537
ENSMUSG00000039954	Stk32a	177.247673793395	-3.75211290712566	0.882388795544398	-4.25222183925257	2.11660034568741e-05	0.000971123300158313
ENSMUSG00000027894	Slc6a17	102.927820923741	-3.7722361645467	0.895192707172165	-4.21388169756528	2.51018802567089e-05	0.00112099419030849
ENSMUSG00000019838	Slc16a10	272.694029848525	-3.54507803252287	0.841770090987038	-4.21145639466235	2.53729536176051e-05	0.00112808600862698
ENSMUSG00000024127	Prepl	218.663723486817	-3.11363315573741	0.7400469317715	-4.20734553724059	2.58387899511179e-05	0.00114373639395961
ENSMUSG00000023951	Vegfa	657.083473684329	-2.65112247674095	0.632031404895673	-4.19460561010978	2.73346772703892e-05	0.00119938356861516
ENSMUSG00000037996	Slc24a2	107.028761627615	-3.80310667617076	0.910151031396069	-4.17854459862252	2.93380471313867e-05	0.0012761415479488
ENSMUSG00000039218	Srrm2	1134.69388820124	-2.58238033804602	0.619287408948981	-4.16992223760642	3.04703589903874e-05	0.00131968175489402
ENSMUSG00000097451	Rian	823.775338413504	-3.25444656899459	0.781287090233434	-4.16549384941484	3.10679299823127e-05	0.00133978781314282
ENSMUSG00000069072	Slc7a14	244.87883434973	-3.4283983890573	0.824278482101263	-4.15927197361452	3.19263566209559e-05	0.00136508949501006
ENSMUSG00000015222	Map2	269.991241455271	-3.03590110528026	0.731832455988335	-4.14835537893752	3.34872286919661e-05	0.0014257613300715
ENSMUSG00000036402	Gng12	436.03798714611	-2.93519837083922	0.708457793346185	-4.14308149110154	3.42670112535595e-05	0.00144670138267128
ENSMUSG00000006345	Ggt1	197.892255890197	3.06935953332133	0.740794694468247	4.14333357979103	3.42293489158162e-05	0.00144670138267128
ENSMUSG00000020150	Gamt	113.805406154906	3.44511528020809	0.834334852149549	4.12917579953926	3.64065961495491e-05	0.00152422282546112
ENSMUSG00000041798	Gck	123.248958828572	-3.29432627340361	0.798924351416892	-4.12345207347995	3.73236147288199e-05	0.00154970116031067
ENSMUSG00000039262	Prrc2b	431.994552316663	-2.70571249435161	0.659301728182846	-4.10390626733081	4.06232104445524e-05	0.00167976139319696
ENSMUSG00000039126	Prune2	125.7479854286	-3.25472188065025	0.79582879455648	-4.08972621110564	4.31882682062778e-05	0.00177850704482246
ENSMUSG00000074207	Adh1	184.104821880611	-2.94397444437163	0.720989998562866	-4.08323894955517	4.44123145038698e-05	0.00181404445583286
ENSMUSG00000025650	Col7a1	120.803953717837	3.40281447466023	0.833668669948552	4.0817348634083	4.470077452854e-05	0.00181843474681283
ENSMUSG00000024743	Syt7	260.623478265381	-2.88559810075161	0.709098252799113	-4.06939107431293	4.71361703567574e-05	0.0019021053805008
ENSMUSG00000023809	Rps6ka2	144.042882742506	-3.88715181194757	0.957851995687595	-4.05819670413399	4.94531061501963e-05	0.00198761924238869
ENSMUSG00000020917	Acly	1252.983310913	-2.7369028910533	0.674614498599013	-4.05698794902434	4.97096458422246e-05	0.00198997020487121
ENSMUSG00000026153	Fam135a	177.718131202656	-3.08556565681476	0.762331591704781	-4.0475374369762	5.17593055231684e-05	0.00205564229998734
ENSMUSG00000024867	Pip5k1b	113.737782948555	-3.27203202232865	0.808381517099637	-4.04763339229756	5.1738097644064e-05	0.00205564229998734
ENSMUSG00000020212	Mdm1	194.245986692366	-3.88610407536417	0.962616830990995	-4.03702070258163	5.413429336754e-05	0.00211650342317915
ENSMUSG00000029193	Cckar	248.623731148549	2.85082648046684	0.707322913219879	4.03044553934962	5.56712271681565e-05	0.00215978567793682
ENSMUSG00000059981	Taok2	299.101890276315	-2.83021598000637	0.702799898428706	-4.02705803790533	5.64790951149948e-05	0.00218269979890564
ENSMUSG00000043384	Gprasp1	354.050835648979	-2.98270431311296	0.742226577031732	-4.01859001740575	5.85474415933321e-05	0.00224536142415955
ENSMUSG00000032525	Nktr	353.593134445562	-2.65960107137887	0.662592156456797	-4.01393382861798	5.97150936388569e-05	0.00226421607880466
ENSMUSG00000020847	Rph3al	138.875614937762	-3.15882506958518	0.78676433007871	-4.01495714640388	5.94565967499635e-05	0.00226421607880466
ENSMUSG00000038170	Pde4dip	219.480978348536	-2.85893707792556	0.713038558553767	-4.00951259034891	6.08442090152203e-05	0.00229835568490576
ENSMUSG00000027947	Il6ra	127.605393214731	-3.53259433823764	0.881434272905483	-4.00777964600026	6.12922663206011e-05	0.00230660933329363
ENSMUSG00000035847	Ids	275.994711875754	-3.11535186107247	0.778423309404404	-4.00213074741572	6.27745907917351e-05	0.0023535786875946
ENSMUSG00000024892	Pcx	154.874865644971	-2.96952178129365	0.742993922871223	-3.99669726747999	6.42323580229919e-05	0.00239928153685882
ENSMUSG00000038894	Irs2	678.865895776039	-2.52232821087353	0.632527957417248	-3.98769442725149	6.67185212230115e-05	0.00248291741203267
ENSMUSG00000032855	Pkd1	304.084089111937	-2.87833412380643	0.724142292110799	-3.97481842334658	7.04329710208289e-05	0.00261147783327413
ENSMUSG00000046447	Camk2n1	207.955894904031	-2.86591091046468	0.722112180745679	-3.96878904259064	7.22387971413854e-05	0.00265881111236864
ENSMUSG00000026627	Pacc1	109.531187464657	-3.35777121502825	0.846780787743817	-3.96533703129328	7.32923137508791e-05	0.00268293024124785
ENSMUSG00000059713	Rcan3	146.679221933909	-3.21279037605289	0.810308979289361	-3.96489543886148	7.34281266265087e-05	0.00268293024124785
ENSMUSG00000106847	Peg13	136.6449805928	-3.14259039767706	0.793518174502707	-3.96032567199422	7.48476166970326e-05	0.00272488714699922
ENSMUSG00000022619	Mapk8ip2	119.393191994958	-3.3283957301891	0.841144919055824	-3.95698250656402	7.59024869232512e-05	0.00275331476030624
ENSMUSG00000034656	Cacna1a	120.218187907946	-3.32750844477453	0.84142548808464	-3.9546085683107	7.66600552731978e-05	0.00277079221361544
ENSMUSG00000025151	Maged1	1883.7014119951	-2.64675010680494	0.672338408831085	-3.93663380232364	8.26325555529801e-05	0.00295477550959553
ENSMUSG00000050335	Lgals3	125.07492984501	3.34000836676876	0.849585861899217	3.93133703908666	8.44747474805938e-05	0.00300993710171988
ENSMUSG00000049044	Rapgef4	112.993276630839	-3.57716960557911	0.917985401084205	-3.89676088677905	9.74877838585322e-05	0.003380785418304
ENSMUSG00000072966	Gprasp2	107.98490361876	-3.52841354670228	0.904887387216115	-3.89928470277107	9.64772802003628e-05	0.003380785418304
ENSMUSG00000028986	Klhl7	187.646529248294	-3.07742263394708	0.789951371446499	-3.89571148957173	9.7910883432172e-05	0.003380785418304
ENSMUSG00000019900	Rfx6	148.666700392025	-3.72715674827152	0.956675526939199	-3.89594658096485	9.78159480598827e-05	0.003380785418304
ENSMUSG00000020048	Hsp90b1	2329.44259163787	-2.41320949046562	0.619103724614615	-3.89790820910956	9.70271780889972e-05	0.003380785418304
ENSMUSG00000034111	Tmed8	132.269924566005	-3.25067813259894	0.834168995545433	-3.89690596265021	9.74294276693098e-05	0.003380785418304
ENSMUSG00000020894	Vamp2	228.862904032829	-2.79493295191376	0.722456612189855	-3.86865163216096	0.000109438870129782	0.00374027811926546
ENSMUSG00000025289	Prdx4	349.743986594087	2.59272905999985	0.670587199881193	3.86635632242787	0.000110473497442406	0.00376283966881794
ENSMUSG00000041268	Dmxl2	160.907909478926	-2.85542243900927	0.739216139823812	-3.86277069070738	0.000112108232118734	0.00378263489382729
ENSMUSG00000041608	Entpd3	196.392115741184	-3.32132140682036	0.862426964145302	-3.8511335393043	0.000117572363140383	0.00392480765725772
ENSMUSG00000026442	Nfasc	109.695871739645	-3.14353123547926	0.818147654741779	-3.84225416678779	0.000121909495327663	0.00404684445433364
ENSMUSG00000013033	Adgrl1	119.808773208061	-3.09974009920364	0.807798407393416	-3.83726938656119	0.000124409974094759	0.00409859481870209
ENSMUSG00000027332	Ivd	195.160589736495	-2.72840233996456	0.713701206315876	-3.82289159079409	0.000131895778222723	0.00430288564799326
ENSMUSG00000068617	Efcab1	130.661843948939	-3.64173609124997	0.957276875950102	-3.80426622928245	0.000142225153433792	0.00459510720804741
ENSMUSG00000021910	Nisch	851.10203232665	-2.47279379399735	0.651054869733445	-3.79813424175717	0.000145789362999549	0.00469516512634445
ENSMUSG00000001127	Araf	303.74118525937	-2.58665463722144	0.681381690161184	-3.79619040923973	0.000146936657686103	0.0047169953240574
ENSMUSG00000031508	Ankrd10	194.175949738052	-2.76491421850634	0.729301810670605	-3.79117969824311	0.000149933420407584	0.00479786945304269
ENSMUSG00000031144	Syp	216.94055516843	-2.94089219375488	0.776316580055135	-3.78826405272191	0.000151703569818345	0.00479805440317992
ENSMUSG00000027784	Ppm1l	111.173626754811	-3.04556655754201	0.803877454117832	-3.78859556508422	0.000151501314898753	0.00479805440317992
ENSMUSG00000030683	Sez6l2	293.303516754148	-3.45238672833025	0.911394790659884	-3.78802552276011	0.000151849253603823	0.00479805440317992
ENSMUSG00000006575	Rundc3a	221.788020173432	-3.14537634674056	0.83025128323417	-3.78846309576063	0.000151582103654227	0.00479805440317992
ENSMUSG00000032202	Rab27a	165.01030261987	-2.85936852189569	0.756803340369424	-3.77821868558339	0.000157954147063395	0.00491369433341483
ENSMUSG00000028445	Enho	184.350887410597	-3.63988267104406	0.966557572833979	-3.76582086090516	0.000166002786683897	0.005100905200611
ENSMUSG00000024098	Twsg1	423.67973878894	-2.67709505385212	0.710834216914246	-3.76613138499927	0.000165796567955026	0.005100905200611
ENSMUSG00000091971	Hspa1a	435.799795496327	-2.45900799817548	0.653476476354222	-3.76296330036915	0.000167911850246536	0.00514383619291827
ENSMUSG00000032115	Hyou1	1290.96616282299	-2.30610902754934	0.613665166639878	-3.75792721000678	0.000171326700402144	0.00523249448523022
ENSMUSG00000026349	Ccnt2	131.700539667282	-2.87081101048638	0.764555933704184	-3.75487375603461	0.000173428870360857	0.0052806463314724
ENSMUSG00000073987	Ggh	346.694232156531	2.53910433730275	0.678147188714921	3.74417881480024	0.000180984729658877	0.00547751374582047
ENSMUSG00000034243	Golgb1	354.655512260029	-2.50712877355437	0.670277693530334	-3.74043295451083	0.000183703544784339	0.00554310275673585
ENSMUSG00000026307	Scly	145.406676380038	-2.85795151519725	0.765728711089197	-3.73232905310813	0.000189717444976717	0.00570742780576661
ENSMUSG00000026175	Vil1	145.028715479103	-2.82383592458415	0.758600155499133	-3.7224299311225	0.000197314674885715	0.00590272131954872
ENSMUSG00000026204	Ptprn	521.532747036752	-3.17479698007632	0.853130047158827	-3.72135173371202	0.000198159200212416	0.00590272131954872
ENSMUSG00000036333	Kidins220	379.360711164546	-2.49515499491188	0.670383382338452	-3.72198216818591	0.000197664985079046	0.00590272131954872
ENSMUSG00000039202	Abhd2	299.604571043272	-2.57727488828834	0.69617658074841	-3.70204192378562	0.000213871266879972	0.00632052496944105
ENSMUSG00000033715	Akr1c14	109.453159298161	-3.35690432098492	0.908267048535695	-3.69594418997905	0.000219071096982453	0.00643633445169498
ENSMUSG00000091705	H2-Q2	107.627154393466	-3.08890569876754	0.836113680190063	-3.69436091281915	0.000220440515088882	0.00643677800878544
ENSMUSG00000061130	Ppm1b	173.575090774424	-2.69558660224018	0.730978853177556	-3.6876396499331	0.000226343878246561	0.00653535427764783
ENSMUSG00000041757	Plekha6	280.993443185131	-2.48763594832178	0.678217961577395	-3.66790042324454	0.000244550382545189	0.00702069212518302
ENSMUSG00000019796	Lrp11	170.062039277929	-3.12098207078593	0.850775989951075	-3.66839462755102	0.000244078249922401	0.00702069212518302
ENSMUSG00000036432	Siah2	172.03157420473	-2.67721974436143	0.730581389191991	-3.66450580861687	0.000247816616087087	0.0070740379501223
ENSMUSG00000021670	Hmgcr	210.407919188104	-2.65749897240076	0.725471913089661	-3.66313143824262	0.0002491506097113	0.00707829933814686
ENSMUSG00000055430	Nap1l5	120.366829303053	-3.11061300979288	0.853720351758669	-3.64359711395541	0.000268854145455448	0.00760970831982068
ENSMUSG00000035722	Abca7	151.359419134168	-2.71825736279498	0.747190453449108	-3.63797121637091	0.000274794126401316	0.00773426157445496
ENSMUSG00000033487	Fndc3a	386.878547920658	-2.38766290699006	0.657085156386104	-3.63371913637791	0.000279364963367465	0.00784094735172148
ENSMUSG00000035284	Vps13c	123.901340899856	-2.80905187250501	0.773364897637278	-3.63224640927846	0.000280964635940884	0.00786387928115322
ENSMUSG00000096054	Syne1	177.433950997625	-2.76207219059354	0.761272588102787	-3.62823019475464	0.000285370766345066	0.00796501516732005
ENSMUSG00000021728	Emb	269.730982779325	-3.07012672832019	0.846389372742077	-3.62732192439255	0.000286376152383935	0.00797093512230963
ENSMUSG00000057897	Camk2b	229.942828081758	-2.60030066210605	0.7183981307508	-3.61958160913986	0.000295079739643723	0.0081231814354524
ENSMUSG00000022265	Ank	214.46141413066	-2.65972477052087	0.735106352024449	-3.61814962310706	0.000296716850640243	0.00813329060024273
ENSMUSG00000055737	Ghr	233.491761871879	-2.69883543309925	0.746476448863371	-3.61543279390617	0.000299846258436751	0.0081871065347078
ENSMUSG00000038855	Itpkb	274.160915002278	-2.7638380570235	0.765116798067743	-3.61230868803744	0.000303482992650077	0.0082193992187277
ENSMUSG00000039270	Megf9	104.30395235671	-3.22576587106434	0.892769172107692	-3.61321377557068	0.000302425163474614	0.0082193992187277
ENSMUSG00000029780	Nt5c3	174.056433542053	-2.63765820146253	0.730168959395235	-3.61239431986698	0.000303382761472838	0.0082193992187277
ENSMUSG00000066456	Hmgn3	103.372669702888	-3.53323173650402	0.981148921336123	-3.60111667013045	0.000316853338549694	0.00846739985571097
ENSMUSG00000068220	Lgals1	259.414480788528	3.00880340090866	0.835509672035579	3.6011592703388	0.000316801417425167	0.00846739985571097
ENSMUSG00000031600	Vps37a	174.672887171198	-2.67478685892546	0.743176868753517	-3.59912555326393	0.000319289017660992	0.00850985689511312
ENSMUSG00000038172	Ttc39b	119.932555265845	-2.85853908100404	0.795019473532806	-3.59555856952991	0.000323696288539819	0.00860449816732301
ENSMUSG00000035545	Leng8	302.062231714778	-2.4315111466418	0.676934642540755	-3.59194373258185	0.000328220727107698	0.00870174634822731
ENSMUSG00000003814	Calr	1994.96020342172	-2.26512774128284	0.630741410175295	-3.5912145686666	0.000329140514316526	0.00870316812592751
ENSMUSG00000029380	Cxcl1	296.721318943373	2.961912741985	0.828410928756183	3.57541485652798	0.000349672965733638	0.00922182141651337
ENSMUSG00000027799	Nbea	140.754549238669	-3.01965259426051	0.844927645147331	-3.57385938500564	0.000351757881741808	0.00925252145482118
ENSMUSG00000057530	Ece1	410.040882482248	-2.51018804416087	0.703515189850377	-3.56806516813763	0.000359627069923252	0.00943481148456615
ENSMUSG00000072501	Phf20l1	161.14043970632	-2.70077604724256	0.761179344631864	-3.5481467886504	0.000387951947600133	0.0100467555914591
ENSMUSG00000062604	Srpk2	158.989474480372	-2.79373100611667	0.787806232601343	-3.54621592278059	0.000390805847600276	0.0100946456470118
ENSMUSG00000018661	Cog1	131.812875589354	-2.82505440427651	0.797385334836668	-3.54289736825317	0.000395756689440161	0.010196315937166
ENSMUSG00000031897	Psmb10	210.905944287679	2.53123802913178	0.715694729918523	3.53675655739416	0.000405072857343059	0.0104096472393429
ENSMUSG00000039347	Atp6v0e2	118.345369202744	-2.91074196684002	0.823620939404442	-3.53407960820516	0.000409197810374947	0.0104888255067538
ENSMUSG00000070733	Fryl	150.990906651487	-2.61726258216365	0.743138297407732	-3.52190513030128	0.000428457442843343	0.0108269244638056
ENSMUSG00000035620	Ric8b	113.887056304472	-2.92014515219552	0.829112953935594	-3.52201125110194	0.00042828596616736	0.0108269244638056
ENSMUSG00000066357	Wdr6	245.945992654813	-2.618820108672	0.74384451771154	-3.52065525296722	0.000430481902822611	0.0108408074174476
ENSMUSG00000025278	Flnb	580.610225153859	-2.23946713640012	0.63643624020862	-3.51876118127095	0.00043356680982034	0.0108911982626869
ENSMUSG00000073433	Arhgdig	193.597195095799	2.55256243333499	0.726496096643084	3.51352532398948	0.000442202259702331	0.011052856481316
ENSMUSG00000079037	Prnp	511.834688216602	-2.75053571508171	0.783297981940103	-3.51148066061536	0.000445617884497915	0.0110881536569054
ENSMUSG00000029469	Ift81	144.993368080263	-3.06104247244659	0.871754283604272	-3.51135925571905	0.000445821464708377	0.0110881536569054
ENSMUSG00000027889	Ampd2	244.32935051022	-2.5306247083958	0.72206045160946	-3.50472692799485	0.000457075843893655	0.0113120642350824
ENSMUSG00000054708	Ankrd24	136.092408132704	-2.76043978261326	0.788523093079718	-3.50077227520613	0.000463912075813499	0.0114249719063089
ENSMUSG00000039474	Wfs1	147.516433541354	-3.00564455261001	0.859619362999279	-3.49648307376776	0.000471434401154414	0.0115818407403412
ENSMUSG00000028749	Pla2g2f	160.750915337695	-3.24836324966418	0.933066692194547	-3.48138378192894	0.000498830199878709	0.0121361884948699
ENSMUSG00000062373	Tmem65	212.744345911024	-2.65544918297865	0.763765221470826	-3.47678724865856	0.000507460316968338	0.0122571184252352
ENSMUSG00000031010	Usp9x	343.153407767369	-2.37278090276307	0.682786719143933	-3.47514214356428	0.000510582723912951	0.0123029621339984
ENSMUSG00000085396	Firre	363.749343873445	-2.2934455034719	0.660808252902483	-3.4706671616136	0.000519167085355357	0.0124798824728484
ENSMUSG00000038267	Slc22a23	139.010654615809	-2.63244805451424	0.758626265048414	-3.47001966026873	0.000520420269985991	0.0124801500544612
ENSMUSG00000024261	Syt4	107.326044417829	-3.24389823992591	0.935704520170319	-3.46679765887574	0.000526698211231177	0.0125706974500021
ENSMUSG00000056050	Mia3	445.203196777882	-2.32341333111428	0.6707374475074	-3.46396841230286	0.000532269008912386	0.0126373304831932
ENSMUSG00000032265	Tent5a	143.096067068634	-3.02833256491615	0.874364638537193	-3.46346642058001	0.000533263149370413	0.0126373304831932
ENSMUSG00000031428	Zcchc18	114.678702536078	-3.13307576712643	0.906355858945787	-3.45678326697266	0.000546664323865537	0.0128338390799087
ENSMUSG00000002413	Braf	103.714936825644	-2.80665147442387	0.81296610774595	-3.45235975729131	0.000555706267013502	0.0130157029625913
ENSMUSG00000022016	Akap11	170.305827125587	-2.69873279025393	0.782231064188843	-3.45004553488611	0.000560492005018061	0.0130858058332343
ENSMUSG00000021033	Gstz1	194.835201466833	-2.63721936802852	0.764524501420809	-3.44948966727352	0.000561647224895596	0.0130858058332343
ENSMUSG00000055254	Ntrk2	135.829433098066	-3.0547093095026	0.888987455324854	-3.43616694612	0.000590007282981527	0.0136598921184295
ENSMUSG00000029992	Gfpt1	437.455031524236	-2.29586485068209	0.668728565300693	-3.43317897546332	0.000596548172811446	0.0137479725697464
ENSMUSG00000002625	Akap8l	198.918132224926	-2.43317774598963	0.710021446028355	-3.42690739779775	0.000610497222484188	0.0140051965559843
ENSMUSG00000052727	Map1b	212.698026473393	-2.48064511659948	0.725077823976931	-3.42121222656287	0.00062342662890868	0.0142692272603062
ENSMUSG00000041096	Tspyl2	142.970898988248	-2.67800232113793	0.783017548624853	-3.4201051123836	0.000625969435422387	0.0142948656525549
ENSMUSG00000058427	Cxcl2	330.932669377681	3.05331042154603	0.894425664458894	3.41371065575719	0.000640845950981956	0.0145354855879609
ENSMUSG00000091956	C2cd4b	133.727483402485	-2.67991915280588	0.785663731159072	-3.41102566724349	0.000647189988123214	0.0146134044958698
ENSMUSG00000026987	Baz2b	134.747114034828	-2.60055048625682	0.763373866383084	-3.40665380461399	0.000657644852500242	0.0147594767746674
ENSMUSG00000038708	Golga4	394.723755509286	-2.22957525078213	0.656152243173127	-3.39795416990421	0.000678917925674307	0.0151179664255922
ENSMUSG00000022822	Abcc5	170.58353020097	-2.56678818917803	0.756924400121535	-3.39107602921229	0.000696187852502362	0.0154351211264585
ENSMUSG00000036856	Wnt4	149.176673995887	-2.51149897424126	0.745429430745395	-3.3691974996612	0.000753873900294251	0.0165031044665722
ENSMUSG00000037580	Gch1	183.576869324876	-2.51248968162068	0.745994558030323	-3.36797320379186	0.000757229554732102	0.0165405273172786
ENSMUSG00000026930	Gpsm1	121.517417498105	-2.6536315499303	0.788456705679159	-3.36560210702313	0.000763767934604353	0.0166471588002268
ENSMUSG00000043909	Trp53bp1	161.868082667896	-2.48424166195972	0.738798276590826	-3.36254393205032	0.000772278365967239	0.0167599417305374
ENSMUSG00000095041	AC149090.1	405.194661132911	-2.20108850146636	0.655631383571373	-3.35720430202186	0.000787349111391391	0.0170501807570274
ENSMUSG00000032193	Ldlr	261.495915170685	-2.30328312279394	0.68645919017905	-3.35530961744888	0.000792762024656242	0.0171304791908514
ENSMUSG00000036745	Ttll7	119.005303809849	-2.70204708284099	0.806094891938391	-3.35202109561004	0.000802239055419388	0.0172980644396009
ENSMUSG00000032599	Ip6k2	237.855932540306	-2.35213943261232	0.706741137330398	-3.32814846677406	0.000874252617826147	0.0186507225136245
ENSMUSG00000025246	Tbl1x	231.251557007683	-2.32523713550599	0.700379932038339	-3.31996539183922	0.000900286080050537	0.0190845454268941
ENSMUSG00000001229	Dpp9	187.89270734126	-2.39946489855036	0.722656442604729	-3.32033973142448	0.000899079650084644	0.0190845454268941
ENSMUSG00000027223	Mapk8ip1	162.873311372876	-2.50885392683596	0.756176460810906	-3.3178154265018	0.000907244140754596	0.0191512376602987
ENSMUSG00000041720	Pi4ka	170.201110153802	-2.45221120021503	0.739778726025172	-3.3147901040501	0.00091711960582097	0.0192384505204365
ENSMUSG00000020893	Per1	535.635757831504	-2.12461045586962	0.641815113833489	-3.31031540092529	0.000931908986275964	0.0194674043536401
ENSMUSG00000048154	Kmt2d	248.295348602071	-2.30726615998007	0.697220125981765	-3.30923631432926	0.000935508400923467	0.0195020506482967
ENSMUSG00000015944	Castor2	157.015154293954	-2.97130504504273	0.900267324222411	-3.30046972171198	0.000965231282331595	0.0199972039687997
ENSMUSG00000050965	Prkca	105.779057427653	-2.64420325327538	0.80105181526197	-3.30091412677298	0.000963703737768547	0.0199972039687997
ENSMUSG00000044988	Ucn3	440.002429433564	-5.96646879534703	1.80821048819818	-3.29965390328667	0.000968041316802993	0.0200141546321738
ENSMUSG00000046785	Epm2aip1	187.343467703711	-2.40475838492943	0.729375152200562	-3.29701166494931	0.000977194426102006	0.0201619088161662
ENSMUSG00000033444	Specc1l	179.61462723498	-2.52895738822816	0.767735591056573	-3.29404734870733	0.000987558615814306	0.020308098248267
ENSMUSG00000015291	Gdi1	336.871174362283	-2.25844530043555	0.687210581051418	-3.28639482963167	0.00101478660280229	0.0207627317351304
ENSMUSG00000053460	Ggcx	118.121089886449	-2.58602121680843	0.7872844899515	-3.28473537814486	0.0010207819466489	0.020804902636771
ENSMUSG00000024097	Srsf7	419.074792940973	-2.14380544552183	0.653284801305806	-3.28157863344857	0.00103227737430957	0.0209966053786691
ENSMUSG00000021819	Zswim8	266.863061896719	-2.25828412330679	0.688944460851519	-3.27788994850994	0.00104586162327609	0.0211871322392704
ENSMUSG00000022961	Son	826.610523689485	-2.04443582317662	0.623907095160674	-3.27682733380379	0.00104980547218917	0.021224236186231
ENSMUSG00000039529	Atp8b1	200.846785200479	-2.40921093380065	0.737270197993684	-3.26774490594735	0.00108408027970857	0.0218293359729693
ENSMUSG00000001173	Ocrl	157.763880324943	-2.66583040350903	0.818262399025966	-3.25791629516686	0.00112233506230365	0.0224199258569127
ENSMUSG00000040118	Cacna2d1	112.324729578695	-3.02802301886165	0.930822961027834	-3.2530600830023	0.00114169353960663	0.0227613823134274
ENSMUSG00000028803	Nipal3	158.953918300129	-2.42472766293093	0.745682929364122	-3.25168723521484	0.00114722186378991	0.0228263074997249
ENSMUSG00000025437	Usp33	123.0432502354	-2.5268996765093	0.777881100095713	-3.24843948027324	0.00116039890726614	0.0230305077243573
ENSMUSG00000061947	Serpina10	137.792939109584	-2.90776546489469	0.895627755880955	-3.24662276911524	0.00116783067572623	0.0230537576221948
ENSMUSG00000036667	Tcaf1	151.14264143618	-2.56572410611025	0.791298046615583	-3.24242441528065	0.00118517381083759	0.0233045527422624
ENSMUSG00000058254	Tspan7	287.994487939748	-2.39519124946572	0.73992702718708	-3.23706414478644	0.00120766262942143	0.0236541795329952
ENSMUSG00000032898	Fbxo21	123.142055623882	-2.78610304418197	0.861082008015871	-3.23558385641083	0.00121394222255086	0.0237309172221615
ENSMUSG00000002028	Kmt2a	227.140979370108	-2.25187874096015	0.696500499940514	-3.23313298576595	0.00122440550713289	0.0237857379050292
ENSMUSG00000039671	Zmynd8	157.549920820672	-2.51043693820145	0.780710401982423	-3.21558023541996	0.00130181097518115	0.0250586143268585
ENSMUSG00000020483	Dynll2	341.510025899975	-2.16664440909704	0.673762841192517	-3.21573746225336	0.00130109801713223	0.0250586143268585
ENSMUSG00000034377	Tulp4	160.306387902929	-2.46928444525111	0.769096216971805	-3.21063137584206	0.0013244371212626	0.0253968400657379
ENSMUSG00000031442	Mcf2l	161.706303267048	-2.54540898166676	0.793348080265943	-3.20843907609066	0.00133457581039817	0.0255327676523348
ENSMUSG00000106106	CT010467.1	8393.64968771029	-1.93367921507207	0.602767547092965	-3.20800153292566	0.00133660786078106	0.0255327676523348
ENSMUSG00000051586	Mical3	114.397972485574	-2.5181825244303	0.786255548150517	-3.20275326559378	0.00136120549884467	0.025953307120287
ENSMUSG00000025237	Parp6	117.391123094032	-2.73442336180941	0.855297496208333	-3.19704357130886	0.00138843952122207	0.0263724769550838
ENSMUSG00000036676	Tmtc3	124.066983249037	-2.78297531449975	0.870993856181405	-3.19517215276445	0.0013974745513747	0.0264940080985152
ENSMUSG00000037270	4932438A13Rik	167.840593652305	-2.39763949280351	0.750680630655326	-3.19395411962398	0.00140338419221265	0.0265337484730992
ENSMUSG00000020661	Dnmt3a	194.332021567999	-2.31814152749324	0.725859082849133	-3.19365229734965	0.00140485212855183	0.0265337484730992
ENSMUSG00000030796	Tead2	101.257037911129	2.64616567306317	0.829551616412761	3.18987465120737	0.00142334515021117	0.0267823446991046
ENSMUSG00000024659	Anxa1	157.041345842019	2.88518283930412	0.904330735881093	3.19040670058955	0.00142072705692816	0.0267823446991046
ENSMUSG00000053398	Phgdh	355.503750735982	2.14592760876191	0.673876667332999	3.18445156627078	0.00145028578241426	0.027136818513405
ENSMUSG00000030655	Smg1	242.394031889571	-2.19018637708006	0.68994667090681	-3.17442850213546	0.00150131872921798	0.0279874779057185
ENSMUSG00000026463	Atp2b4	102.523701343303	-2.69224279965598	0.848280158880369	-3.17376608597026	0.0015047490576315	0.0279994787612616
ENSMUSG00000051403	Ppp1r37	284.404820181915	-2.14326646975051	0.676360528105132	-3.16882251504979	0.00153057830082804	0.0284274505854346
ENSMUSG00000010064	Slc38a3	111.78010337222	2.57936647387671	0.814379554021213	3.16727803533428	0.00153873125756566	0.0285261470037264
ENSMUSG00000006651	Aplp1	661.576695989782	-2.53804245050601	0.80194010067986	-3.1648778360807	0.00155148077090245	0.0286567624743158
ENSMUSG00000019818	Cd164	975.762664803783	-2.03133835254976	0.643302541461153	-3.15767189095183	0.00159034446110505	0.0292167272504299
ENSMUSG00000041415	Dicer1	137.847677707806	-2.38948349197844	0.756730905457508	-3.15763962426485	0.00159052048228356	0.0292167272504299
ENSMUSG00000072235	Tuba1a	595.022926870131	-2.27402700169641	0.720416825527921	-3.15654343585049	0.00159651107282637	0.0292732541236485
ENSMUSG00000025409	Mbd6	151.063466680042	-2.33625587688382	0.741582234501752	-3.15036656515037	0.00163065725244907	0.0297906255865605
ENSMUSG00000038893	Fam117a	103.145057564045	-2.57569897143575	0.81821297301311	-3.14795665235007	0.00164416072974253	0.0299043609476397
ENSMUSG00000075700	Selenot	365.156144392015	-2.17719183763994	0.692078064442022	-3.14587609332088	0.00165590142254693	0.0300333889778908
ENSMUSG00000044734	Serpinb1a	126.393738807649	2.47302079735151	0.787508498233623	3.14030998128717	0.00168769153329933	0.0304451068700029
ENSMUSG00000090877	Hspa1b	713.414651778665	-1.99160151425832	0.634586504424954	-3.13842399794345	0.0016985897813136	0.0305320753535582
ENSMUSG00000027634	Ndrg3	162.347922080944	-2.37271782198484	0.757153818983936	-3.13373288556995	0.00172597895365356	0.0308587838546458
ENSMUSG00000079487	Med12	114.446050207703	-2.4574857983562	0.784942987700165	-3.13078253690307	0.00174341206402186	0.0311151055404826
ENSMUSG00000031822	Gse1	152.655060971864	-2.31476535885861	0.740156354095025	-3.12740050943537	0.00176359498212322	0.0314195077666208
ENSMUSG00000019852	Arfgef3	186.812849706798	-2.24204280543114	0.717503629967826	-3.12478252623151	0.00177936556867504	0.0316443632461006
ENSMUSG00000042750	Bex2	152.33678179266	-2.58655670217306	0.830051935800643	-3.11613838919386	0.00183236258872363	0.03236592174551
ENSMUSG00000028127	Abcd3	267.970801074623	-2.15125773994119	0.690427487349199	-3.11583443498266	0.00183425225471578	0.03236592174551
ENSMUSG00000022453	Naga	199.253687554075	-2.3832934529793	0.76496804649168	-3.11554641257191	0.00183604452577037	0.03236592174551
ENSMUSG00000006930	Hap1	368.89286827895	-2.73413025066466	0.878379891944249	-3.11269676792442	0.00185386386838837	0.0326228093687676
ENSMUSG00000020802	Ube2o	137.744790203987	-2.35739546934485	0.757666424465308	-3.1113896475068	0.00186209056577453	0.032710290218361
ENSMUSG00000035640	Cbarp	111.54220565196	-2.47496529305295	0.795956755747299	-3.10942180612474	0.00187453894746945	0.0328714962376493
ENSMUSG00000020715	Ern1	170.468493417161	-2.26588972967377	0.729275380371662	-3.10704267641532	0.00188969116493597	0.0330794718210394
ENSMUSG00000018501	Ncor1	310.861206546197	-2.09168925748894	0.673710971101951	-3.10472791331821	0.00190454133730798	0.0332315854711207
ENSMUSG00000032637	Atxn2l	292.391238730811	-2.08937425935367	0.675552208476617	-3.09283906282426	0.00198251616581335	0.03446422566452
ENSMUSG00000075014	Gm10800	250.606508305215	-2.34583179514246	0.758818285070761	-3.09142760697142	0.00199196547888523	0.0345090847100669
ENSMUSG00000052105	Mtcl1	141.731071154948	-2.31914471519512	0.750113838541349	-3.09172367717527	0.00198997995002958	0.0345090847100669
ENSMUSG00000027195	Hsd17b12	154.302423119571	-2.4611527639615	0.797928067993788	-3.0844293648543	0.00203943031611493	0.0349145550758344
ENSMUSG00000083079	Amy2b	135.868588948677	2.45405841400871	0.795340688972424	3.08554365196547	0.00203180397396484	0.0349145550758344
ENSMUSG00000060512	0610040J01Rik	153.72750366844	-2.38659908813023	0.773893784266519	-3.08388455450925	0.00204316862903967	0.0349145550758344
ENSMUSG00000019302	Atp6v0a1	153.512912203359	-2.31327206423131	0.749974590836502	-3.08446725061865	0.00203917058973919	0.0349145550758344
ENSMUSG00000035891	Cerk	114.315041727481	-2.67704809968256	0.868410463239447	-3.08269903807506	0.00205132499533656	0.0349860552337075
ENSMUSG00000028152	Tspan5	105.169916901368	-2.51475936185753	0.817001676887244	-3.07803451694089	0.00208370778369629	0.0352566864586723
ENSMUSG00000022351	Sqle	142.942706828377	-2.32779388840255	0.756826155492857	-3.07573129113998	0.00209986993642702	0.0354613329768382
ENSMUSG00000023960	Enpp5	206.897956312195	-2.28823099157501	0.744853508779153	-3.07205506130396	0.0021259050664426	0.035840761925529
ENSMUSG00000035967	Ints6l	131.680975449406	-2.33688400115031	0.762057302171575	-3.06654630103416	0.00216547267585136	0.0363249907294732
ENSMUSG00000020198	Ap3d1	450.215784734234	-1.99549383254815	0.651100545851778	-3.06480135097663	0.0021781461723502	0.0364766878996247
ENSMUSG00000027801	Tm4sf4	700.491416365891	-1.96002805688813	0.639870983131168	-3.06316133808235	0.00219011945989708	0.0366071754447029
ENSMUSG00000030671	Pde3b	126.504962370687	-2.3646291172377	0.772580583134773	-3.06068929100332	0.00220828123883177	0.036736440211559
ENSMUSG00000028248	Pnisr	175.740167577261	-2.27626386900075	0.745282425508058	-3.05422990143504	0.00225639093148447	0.037351262075051
ENSMUSG00000025871	4833439L19Rik	291.020590932737	-2.06882264595015	0.677632700502263	-3.05301477395754	0.00226554784105744	0.0374411590574757
ENSMUSG00000031833	Mast3	219.666246561059	-2.13232410895219	0.698584283994627	-3.05235052921487	0.00227056781018885	0.0374625046909319
ENSMUSG00000026617	Bpnt1	150.043647532251	-2.27245760544135	0.744754667309437	-3.05128346983178	0.00227865335152572	0.0375342768461155
ENSMUSG00000038178	Slc43a2	149.746945785335	-2.36187998485651	0.774708776662204	-3.0487327057692	0.00229808852433664	0.0377924607079125
ENSMUSG00000025224	Gbf1	219.870518214116	-2.13331352294841	0.701669597655421	-3.04033911413111	0.00236311908096918	0.0386552216239538
ENSMUSG00000029502	Golga3	165.207088151573	-2.2483032837637	0.741099411557582	-3.03374047894385	0.00241542117038712	0.0393357405511342
ENSMUSG00000068747	Sort1	239.62932939317	-2.10833813408234	0.696982795180161	-3.02495003988923	0.00248674200978832	0.0403663711055784
ENSMUSG00000026643	Nmt2	118.923310859994	-2.41622192308805	0.800563071566077	-3.01815310861315	0.00254320378390906	0.0403932874626913
ENSMUSG00000074582	Arfgef2	161.304558434964	-2.22264761902832	0.735489985443332	-3.02199576203416	0.00251114063863436	0.0403932874626913
ENSMUSG00000019820	Utrn	265.300169624598	-2.08351152747718	0.690475247616986	-3.01750357404981	0.00254866035665794	0.0403932874626913
ENSMUSG00000031485	Plpbp	183.412251464356	-2.22592464396939	0.736228515827941	-3.02341541534313	0.00249938888159271	0.0403932874626913
ENSMUSG00000059495	Arhgef12	263.606508305215	-2.10599994469238	0.697249202793403	-3.02044080689525	0.00252407039667534	0.0403932874626913
ENSMUSG00000032633	Flcn	119.080819630056	-2.38410892997801	0.788834241452092	-3.02231927152315	0.00250845821936301	0.0403932874626913
ENSMUSG00000051790	Nlgn2	134.98895508254	-2.31610586125035	0.767679710892134	-3.01702106801645	0.00255272069454707	0.0403932874626913
ENSMUSG00000046982	Tshz1	103.930466098964	-2.41358764852517	0.799896098363789	-3.01737644859405	0.00254972955695308	0.0403932874626913
ENSMUSG00000050148	Ubqln2	146.924717148552	-2.32902006690879	0.773034985133647	-3.01282621317084	0.00258827091352676	0.0406934186984311
ENSMUSG00000030102	Itpr1	169.564974974801	-2.3699988530085	0.78674862401877	-3.01239656563029	0.00259193749671536	0.0406934186984311
ENSMUSG00000024163	Mapk8ip3	234.612960399906	-2.09099722296477	0.693959252560027	-3.01314121146313	0.00258558575310677	0.0406934186984311
ENSMUSG00000031432	Prps1	157.192992071637	-2.34396641192433	0.779063242601647	-3.00869850321363	0.00262369342113471	0.0411277246420617
ENSMUSG00000039157	Fam102a	159.234388651716	-2.20882253676164	0.734382498938019	-3.00772763506183	0.00263208918017251	0.0411950655488683
ENSMUSG00000001025	S100a6	260.387842558401	2.16862847006585	0.723223285573221	2.99856007587893	0.00271258671616808	0.0423230921181008
ENSMUSG00000039852	Rere	307.358215162812	-2.0121231948313	0.672560646643283	-2.9917349533811	0.00277396986627913	0.043013656198106
ENSMUSG00000039501	Znfx1	115.812238859543	-2.38871571967351	0.799021185821611	-2.9895524199615	0.00279386503638175	0.0431888552085598
ENSMUSG00000047238	Mageh1	130.547011177532	-2.522324645052	0.844864455806785	-2.98547847257151	0.00283135066191066	0.0435672457134431
ENSMUSG00000005198	Polr2a	227.180138799768	-2.11068526931647	0.707524039161478	-2.98319937202127	0.00285252112808763	0.0438258903593646
ENSMUSG00000022263	Trio	154.3581707095	-2.21595643794555	0.743867401060638	-2.97896699705612	0.00289221927976199	0.0442329061233614
ENSMUSG00000069769	Msi2	195.652573660532	-2.11511776796471	0.710195072162477	-2.97822084504808	0.00289926998256539	0.044273350736804
ENSMUSG00000025261	Huwe1	493.196979347151	-1.91670930252261	0.644146372519443	-2.97558037162548	0.00292434710119846	0.0445209692012759
ENSMUSG00000017631	Abr	225.932829614115	-2.11531054966628	0.711549432996521	-2.97282304162362	0.00295074518269243	0.0448548980267678
ENSMUSG00000038648	Creb3l2	210.140994867062	-2.26327532186076	0.765006780961914	-2.95850360831434	0.00309136622545556	0.0462232854663356
ENSMUSG00000024851	Pitpnm1	137.776004569976	-2.24059769567188	0.757306033469128	-2.95864234094105	0.00308997500670441	0.0462232854663356
ENSMUSG00000034940	Synrg	135.788271181946	-2.23352708730346	0.755858986229253	-2.95495208497267	0.00312717614142781	0.0465509123986172
ENSMUSG00000028760	Eif4g3	228.669666064029	-2.11302729084949	0.71591213291927	-2.95151764258166	0.00316216480887731	0.0469370975822169
ENSMUSG00000045482	Trrap	162.659795313969	-2.18126071869918	0.739368523327931	-2.95016713570823	0.00317602068058855	0.0469994930759261
ENSMUSG00000006273	Atp6v1b2	346.34606026622	-2.10383896906682	0.713452612201175	-2.94881388488573	0.00318996018834556	0.047107546852486
ENSMUSG00000070284	Gmppb	126.468468382205	-2.32403332665799	0.788195690156974	-2.94854863542218	0.00319269898552378	0.047107546852486
ENSMUSG00000038375	Trp53inp2	365.141345167801	-1.95041669138302	0.662781080141233	-2.94277665706361	0.00325282997026908	0.0477842624872277
ENSMUSG00000030560	Ctsc	134.385370906921	2.4429722727512	0.830016663171954	2.94328099801665	0.00324753502881494	0.0477842624872277
ENSMUSG00000055065	Ddx17	640.130477532587	-1.88276219289028	0.640071404376142	-2.94148774655127	0.00326639765452155	0.0478436787647704
ENSMUSG00000033526	Ppip5k1	102.137505028224	-2.37115488298583	0.807370501848524	-2.93688570186417	0.00331526268752793	0.0484887328737709
ENSMUSG00000033350	Chst2	106.616051058044	2.38659389535396	0.813751355615439	2.93282939424289	0.00335888408680542	0.0488423549988725
ENSMUSG00000041935	AW549877	138.151692557583	-2.24743537051192	0.766170968475989	-2.93333402462685	0.00335342898752364	0.0488423549988725
ENSMUSG00000030265	Kras	136.615540008262	-2.26674982131242	0.773019766286915	-2.93233099614052	0.00336427974496392	0.0488501197650252
ENSMUSG00000060227	Casc4	107.532517800746	-2.45252892177748	0.836826165939062	-2.9307507599566	0.00338143960737441	0.0490284345958125
ENSMUSG00000029104	Htt	109.067849873807	-2.35315752490722	0.803321443122706	-2.92928508886794	0.00339742659799266	0.0490479058284918
ENSMUSG00000040407	Akap9	187.234153987757	-2.09468873505906	0.715445086941239	-2.92781203378521	0.00341356343715702	0.0491857204489225
ENSMUSG00000056608	Chd9	130.754544469668	-2.27053407774818	0.775942398024023	-2.92616318367216	0.00343170879381583	0.0493302002292725
ENSMUSG00000000915	Hip1r	249.905274184056	-2.00887986513769	0.686922627617003	-2.9244630827007	0.00345051005622796	0.0494589515620236
ENSMUSG00000038664	Herc1	170.394684963938	-2.1649710249404	0.740247881687585	-2.92465683252588	0.00344836267095	0.0494589515620236
ENSMUSG00000038538	Ubn2	114.81714145114	-2.28614692840324	0.781999406564524	-2.92346376379841	0.00346160513726704	0.0495473054405402
ENSMUSG00000025855	Prkar1b	104.988180754794	-2.39617580097255	0.820586431714911	-2.92007728663619	0.00349944587433653	0.0498757902770687
