GeneID	GeneName	baseMean	log2FoldChange	lfcSE	stat	pvalue	padj
ENSMUSG00000062478	Ctrc	6802.02333666974	7.70061947347498	0.642116536068345	11.9925574890589	3.88715197089019e-33	4.43601782917989e-29
ENSMUSG00000058119	Gm5771	4105.49923619738	7.62661423507802	0.721773195780561	10.5664968991128	4.26115435423606e-26	2.43141467452709e-22
ENSMUSG00000071519	Prss3	7420.82109481536	6.97814323839153	0.690690634956102	10.1031386343251	5.3501887527058e-24	2.03521180152929e-20
ENSMUSG00000062751	Prss1	1152.35244606536	8.54124697512225	0.862505708577682	9.90282950034872	4.04661103014123e-23	1.15449812689929e-19
ENSMUSG00000036938	Try5	127314.2223523	5.76857267422138	0.585544234685379	9.85164285209111	6.74325999483152e-23	1.53908166122035e-19
ENSMUSG00000023140	Reg2	1913.65193331138	5.23167327637122	0.583176441813068	8.97099557057929	2.93846276150637e-19	5.58895617238512e-16
ENSMUSG00000071521	Try10	3505.56876507007	5.7241715615753	0.640178764344799	8.94152052580781	3.83851787091864e-19	5.84208017052193e-16
ENSMUSG00000035896	Rnase1	49951.3099908866	5.25584313793572	0.58827299953081	8.93436064909937	4.09539444130524e-19	5.84208017052193e-16
ENSMUSG00000071553	Cpa2	43307.1212042704	5.30949826883272	0.598581056535374	8.87014082865308	7.30534568013253e-19	9.26317832240804e-16
ENSMUSG00000005640	Insrr	686.320072047963	-5.6715044804205	0.642706794816234	-8.82440410800718	1.10044179560814e-18	1.25582417714801e-15
ENSMUSG00000071517	Gm10334	880.663703034548	7.7886724013967	0.885369282753551	8.79708902614451	1.40410913314782e-18	1.45669940249845e-15
ENSMUSG00000042179	Pnliprp1	97080.5104862523	4.99672819864598	0.570700671517683	8.75542722835426	2.03331788635957e-18	1.93368530992796e-15
ENSMUSG00000031896	Ctrl	83310.7386503064	5.03452446110828	0.575777224189976	8.74387566856441	2.25247318658191e-18	1.97732492348252e-15
ENSMUSG00000024503	Spink1	3089.69646927067	5.19298088062505	0.59647549514528	8.70610934211174	3.14483477160373e-18	2.56348960096727e-15
ENSMUSG00000084174	Sycn	22920.6884814643	5.0666493161152	0.584606462401835	8.66676925756013	4.44554619380356e-18	3.38217154424574e-15
ENSMUSG00000023433	Cela3b	93946.6666677442	4.8688009678496	0.562594614328493	8.65419050209172	4.96422332869068e-18	3.54073228918863e-15
ENSMUSG00000063903	Klk1	20829.2977635556	4.99815687230436	0.57932248238152	8.6275900285409	6.26582114070249e-18	4.20620887398216e-15
ENSMUSG00000024225	Clps	57892.4973925096	5.19942963219826	0.605491068699479	8.58712853249182	8.91698598549092e-18	5.65336911480124e-15
ENSMUSG00000029882	2210010C04Rik	123845.824110733	5.03090983243637	0.592941790416416	8.48466057503423	2.16349318627998e-17	1.29946232851722e-14
ENSMUSG00000071356	Reg3b	722.127765823286	5.13374718997717	0.611694597296062	8.39266394156563	4.75248616861825e-17	2.71176860781357e-14
ENSMUSG00000031957	Ctrb1	413838.82089174	4.81639936139712	0.57596327658889	8.36233759541403	6.14875952494862e-17	3.34141160470065e-14
ENSMUSG00000057163	Prss2	157185.611225531	4.95414602141329	0.594158519981523	8.3380879930281	7.55013832784269e-17	3.91646266351549e-14
ENSMUSG00000049350	Zg16	28204.0472087601	4.84135793829343	0.588979230878482	8.21991283304231	2.03651144884274e-16	1.01046385453014e-13
ENSMUSG00000114985	1810028F09Rik	1508.19307517796	5.01708625426707	0.611093550058643	8.21001343212608	2.21163753449003e-16	1.05163364765001e-13
ENSMUSG00000023031	Cela1	223173.166832445	4.96535898529186	0.605782533653943	8.19660308682382	2.47275231579106e-16	1.1287619771123e-13
ENSMUSG00000025091	Pnliprp2	14305.0663172081	4.85693172986862	0.593000043877201	8.19044075968803	2.60271254940565e-16	1.14239060053143e-13
ENSMUSG00000011463	Cpb1	141998.261886782	4.95830074930549	0.60816193696963	8.15292843549512	3.55215835924421e-16	1.50137893317389e-13
ENSMUSG00000054106	Try4	168541.357025342	4.99069570682944	0.6136594033478	8.13268024510477	4.19901172364534e-16	1.71139720679431e-13
ENSMUSG00000024184	Pdia2	6189.28353080726	4.70005240213076	0.584952631668059	8.03492821073055	9.36337101174025e-16	3.68464793055103e-13
ENSMUSG00000046008	Pnlip	197419.317052584	4.62362828724497	0.58023152572397	7.96859198830321	1.60492381978724e-15	6.10513021047068e-13
ENSMUSG00000068341	Reg3d	664.462458369591	4.94813237793072	0.633775327990391	7.8073919248648	5.8383501938959e-15	2.14926620686258e-12
ENSMUSG00000034528	Hsd17b13	415.399988186027	5.53965659896055	0.710420107906884	7.79771931749241	6.30360222346941e-15	2.24802214294478e-12
ENSMUSG00000030219	Erp27	1048.20423542705	4.76185319383412	0.611321415131057	7.78944279714668	6.73053447065315e-15	2.32754119330587e-12
ENSMUSG00000058579	Cela2a	147225.965395305	4.61973329357059	0.601621123800785	7.67880832439043	1.60575282947612e-14	5.3896621441122e-12
ENSMUSG00000059654	Reg1	39129.21799245	4.49612897064246	0.589914510309118	7.62166193926382	2.50430201277027e-14	7.72407961344171e-12
ENSMUSG00000040205	Cuzd1	4103.78603033952	4.66843013566833	0.61231777735494	7.62419499860805	2.45561930963594e-14	7.72407961344171e-12
ENSMUSG00000022315	Slc30a8	954.98532125975	-4.97882458251194	0.65281521891959	-7.62669808885874	2.40842735425031e-14	7.72407961344171e-12
ENSMUSG00000054446	Cpa1	115527.534558505	4.5409424795562	0.599178241547226	7.57861712039204	3.49257534493779e-14	1.04887552201132e-11
ENSMUSG00000066512	Klk1b5	346.603843643941	5.35080027415547	0.706778416002652	7.57068998289189	3.7124706041785e-14	1.086326013715e-11
ENSMUSG00000034139	Serpini2	1257.98489779206	4.68146532285556	0.635726824781214	7.36395750559478	1.78536549524255e-13	5.093647757927e-11
ENSMUSG00000026818	Cel	96628.1127753988	4.41226399648549	0.600143367689787	7.35201659141916	1.95238565261859e-13	5.43429879699595e-11
ENSMUSG00000017007	Rbpjl	829.358837699871	4.69844116169599	0.654022935837925	7.18390885738037	6.7746035684965e-13	1.84075656961148e-10
ENSMUSG00000059014	Gm5409	234.84605093776	6.04134918880436	0.842867415629379	7.16761506825271	7.63155174823156e-13	2.02537833839113e-10
ENSMUSG00000037278	Tmem97	951.131034069559	4.25574893360494	0.599171305470677	7.10272487141529	1.22320768363124e-12	3.17255592854538e-10
ENSMUSG00000024907	Gal	332.051921714671	6.37234068652225	0.901085848774034	7.07184636757096	1.52885634189744e-12	3.87717968305191e-10
ENSMUSG00000024028	Tff2	2634.51026737477	4.00490686883771	0.56794500712992	7.05157509716705	1.76903707899351e-12	4.38875024901608e-10
ENSMUSG00000031919	Tmed6	690.483466007518	4.49195930869445	0.647058351534286	6.9421239955303	3.86247952483467e-12	9.37842900796027e-10
ENSMUSG00000030954	Gp2	9204.95651266751	4.29416812589343	0.620422381999507	6.9213623661579	4.47320612271282e-12	1.06350475567497e-09
ENSMUSG00000031255	Sytl4	468.726092084673	-4.56676708352657	0.661840955307996	-6.90009744320125	5.1966880615756e-12	1.21029804405512e-09
ENSMUSG00000026163	Sphkap	888.703058909267	-4.89084265661636	0.725304829764857	-6.74315467911881	1.54984057162145e-11	3.5373561206688e-09
ENSMUSG00000084899	Gm15344	141.287269134096	-5.37979346595646	0.800467307109611	-6.72081597608556	1.80709703502677e-11	4.04364536543636e-09
ENSMUSG00000030717	Nupr1	3178.42751249584	4.21496623504599	0.629137950999408	6.69958985680385	2.09005317362732e-11	4.58686284950673e-09
ENSMUSG00000079516	Reg3a	178.805796413835	6.65138889803076	0.997515559244016	6.66795503728445	2.59392218580233e-11	5.58525282724078e-09
ENSMUSG00000047517	Dmbt1	18879.2045125638	3.70520167306165	0.556361742667789	6.65969887737963	2.74389179486648e-11	5.79875799315117e-09
ENSMUSG00000022479	Vdr	291.604388172895	-4.38124527790267	0.65933228473577	-6.64497307250543	3.03272514394164e-11	6.2926289713931e-09
ENSMUSG00000035187	Nkx6-1	354.946466143141	-4.32067186346605	0.651564500752307	-6.63122662219524	3.32908651350183e-11	6.78420273072908e-09
ENSMUSG00000045091	Aqp12	601.762414023722	4.37786418391527	0.665709412079819	6.57623897826212	4.82496852898861e-11	9.60896096161477e-09
ENSMUSG00000044988	Ucn3	436.649187901511	-5.1196958082885	0.778727166053939	-6.57444099996105	4.88362894999699e-11	9.60896096161477e-09
ENSMUSG00000030406	Gipr	151.605143407899	-5.62398725902642	0.862875357597507	-6.51772844073936	7.13800654170524e-11	1.38065984159221e-08
ENSMUSG00000002265	Peg3	2028.35082120712	-4.23604778219299	0.65647568701026	-6.45271084064806	1.09866870940839e-10	2.08966788529475e-08
ENSMUSG00000053965	Pde5a	389.498326938377	-4.14201468110012	0.64863489727205	-6.38574134466108	1.70569097778235e-10	3.19104023581184e-08
ENSMUSG00000005268	Prlr	393.125772756915	-4.85853593223918	0.769251316626236	-6.31592800327939	2.68545057401493e-10	4.9429616049449e-08
ENSMUSG00000068615	Gjd2	267.956310471313	-4.50539412323675	0.724893860937255	-6.21524662577702	5.12440995646871e-10	9.13746350362827e-08
ENSMUSG00000039878	Slc39a5	356.53937026508	4.26117478527204	0.685365197513166	6.21737841479787	5.05529593863298e-10	9.13746350362827e-08
ENSMUSG00000101088	1810018F18Rik	142.702867733585	5.99826556754062	0.969030770784532	6.18996398090062	6.01779644929798e-10	1.05653989352905e-07
ENSMUSG00000024899	Papss2	410.653475929941	-4.02798094603244	0.655995750363429	-6.14025463396812	8.23893047840868e-10	1.42458597908485e-07
ENSMUSG00000029420	Rimbp2	390.387557434073	-4.06884730329716	0.663160630136479	-6.13553808593822	8.48714289298558e-10	1.44560111484704e-07
ENSMUSG00000005373	Mlxipl	425.04606816178	-3.94627597281229	0.645707734849663	-6.11155134099653	9.86672489253672e-10	1.65586859520043e-07
ENSMUSG00000070880	Gad1	110.444493605841	-5.29064637854466	0.870061198083265	-6.0807749962875	1.19603032096664e-09	1.95381043201069e-07
ENSMUSG00000032890	Rims3	173.841410060613	-4.37452074666411	0.719440128500141	-6.08045141405154	1.19844663723053e-09	1.95381043201069e-07
ENSMUSG00000022211	Carmil3	175.999274369949	-4.35189272730681	0.717379564591568	-6.06637398402129	1.30830288665247e-09	2.10286655527859e-07
ENSMUSG00000029522	Pla2g1b	2210.71212046852	3.72218482228564	0.614357900834818	6.05865866985313	1.37261308736864e-09	2.1755917434793e-07
ENSMUSG00000030785	Cox6a2	104.403380828602	-5.54458818007202	0.917627762564864	-6.04230648446634	1.51926517308073e-09	2.37504851441058e-07
ENSMUSG00000020787	P2rx1	249.583789462222	4.46331755417468	0.739900735823314	6.03231938836794	1.61622938164115e-09	2.49248779774173e-07
ENSMUSG00000020581	Agr2	143.591928687369	5.32256120059212	0.883686680428492	6.02313163531135	1.71074194235037e-09	2.60306493948032e-07
ENSMUSG00000022491	Glycam1	293.369602921458	9.380361493228	1.57445944147042	5.95782987237035	2.55609402357482e-09	3.83817697329419e-07
ENSMUSG00000006345	Ggt1	372.995189959341	4.06362199316058	0.684624035088529	5.93555263165002	2.9285735485474e-09	4.33853607918792e-07
ENSMUSG00000050335	Lgals3	220.046596863872	4.22884469537045	0.71270602016868	5.93350494551678	2.96535063246283e-09	4.33853607918792e-07
ENSMUSG00000020150	Gamt	214.627481926459	4.42925664559408	0.748535322314992	5.91723130966718	3.27406099036178e-09	4.72956759772261e-07
ENSMUSG00000096525	Gm2663	148.414201065249	6.37515229682349	1.0819784357167	5.89212509822397	3.81260361686593e-09	5.43867905945925e-07
ENSMUSG00000029193	Cckar	463.562633878301	3.83610522189753	0.653178908226754	5.87297779150855	4.28035834345112e-09	6.03054931055113e-07
ENSMUSG00000025289	Prdx4	638.888185417236	3.55710679732007	0.609832710629052	5.83292226756885	5.44649455091297e-09	7.57992631890474e-07
ENSMUSG00000094808	1810009J06Rik	199.667527831036	5.336502639926	0.921365467801889	5.79194991175147	6.95738938637898e-09	9.56599128642854e-07
ENSMUSG00000025650	Col7a1	231.099760200372	4.40895884230371	0.762367316146632	5.78324745686724	7.32721549408835e-09	9.95454562125432e-07
ENSMUSG00000021922	Itih4	114.60275302227	6.42206105769506	1.117076830296	5.74898778984913	8.97793006100457e-09	1.20536632771981e-06
ENSMUSG00000005232	G6pc2	4064.66475721974	-4.15054515712015	0.7341519697867	-5.65352315042626	1.57191928184825e-08	2.08590033075026e-06
ENSMUSG00000078520	Cela3a	103.208376123326	6.27365996014325	1.1183178220382	5.60990787816397	2.02434344746535e-08	2.65538016350283e-06
ENSMUSG00000022490	Ppp1r1a	330.15874356093	-4.30129409673899	0.767766341122389	-5.60234783209039	2.11467658586836e-08	2.74235104521929e-06
ENSMUSG00000073987	Ggh	643.370178782278	3.52903542262086	0.636029713339554	5.54853861164947	2.88067271503114e-08	3.69373449707139e-06
ENSMUSG00000004821	Tmed11	157.629557337331	4.3536645321059	0.787018837199956	5.53184285600494	3.16883738604617e-08	3.97393101643505e-06
ENSMUSG00000044748	Defb1	134.161519502667	-4.20316803327257	0.759573130618791	-5.53359230841727	3.13737747478631e-08	3.97393101643505e-06
ENSMUSG00000027690	Slc2a2	674.607233796601	-3.32457379160184	0.602813770382962	-5.51509264542807	3.48596274960379e-08	4.32410944548679e-06
ENSMUSG00000044156	Hepacam2	353.248639707638	-3.60215375294036	0.65942468222639	-5.46257040421742	4.6928931687437e-08	5.75863406900034e-06
ENSMUSG00000068220	Lgals1	436.609855583674	3.84118593990952	0.703745346734122	5.45820438846998	4.80973812363921e-08	5.83922675180539e-06
ENSMUSG00000031897	Psmb10	385.873439979027	3.49927505182415	0.644106027273623	5.43276247023477	5.54882486249855e-08	6.66559887692984e-06
ENSMUSG00000029380	Cxcl1	498.2851219123	3.79200322443603	0.698787140481835	5.42654981003419	5.74537970173828e-08	6.82982012044138e-06
ENSMUSG00000020788	Atp2a3	907.202682216459	-3.25129506478422	0.60203591894417	-5.40050014040065	6.64553592981483e-08	7.8184387660873e-06
ENSMUSG00000073433	Arhgdig	355.502173845871	3.52499019751419	0.65511667256611	5.38070597975579	7.41942899764259e-08	8.63984935929564e-06
ENSMUSG00000005233	Spc25	351.809779561439	-3.86343184926129	0.729297589281078	-5.29746965579546	1.1741841001777e-07	1.35351403547757e-05
ENSMUSG00000024027	Glp1r	494.220346526565	-3.1462317166557	0.59804702130343	-5.26084338619153	1.43396135833536e-07	1.63643670213231e-05
ENSMUSG00000024857	Cabp2	153.898302611717	4.15186899451094	0.79607781458575	5.21540597971748	1.83415074591926e-07	2.07240874380501e-05
ENSMUSG00000054728	Phactr1	201.059254070813	-4.10203406665897	0.787307885115944	-5.21020320538881	1.88633913121306e-07	2.11048060445131e-05
ENSMUSG00000115441	Gm34759	62.0570641684506	-5.36445643674464	1.04206993905046	-5.14788521932874	2.63439602182029e-07	2.91880848553525e-05
ENSMUSG00000044933	Sstr3	201.289690683052	-3.61502955530615	0.705156958919451	-5.12656013612296	2.95083832644593e-07	3.23797759436548e-05
ENSMUSG00000032356	Rasgrf1	162.337620795305	-3.88175920322224	0.758248254006901	-5.1193777007852	3.06545482954427e-07	3.33171147759612e-05
ENSMUSG00000040687	Madd	370.745605048383	-3.18028014347765	0.623057016280531	-5.10431639541273	3.31992422932491e-07	3.57424295330715e-05
ENSMUSG00000055567	Unc80	210.802397259676	-3.72648213784489	0.73299273098882	-5.08392782124565	3.69708480559396e-07	3.94309643004096e-05
ENSMUSG00000074102	Rbm15b	615.106008929523	-3.00870355940539	0.593231424961008	-5.0717197923275	3.94236586533654e-07	4.16576659770561e-05
ENSMUSG00000040035	Disp2	468.114523441342	-3.24902918677702	0.642406863972168	-5.05758790727644	4.24592720543718e-07	4.44536892371092e-05
ENSMUSG00000009246	Trpm5	69.3593382286496	-5.04386445604117	0.997795336231003	-5.05500905134863	4.30370357213991e-07	4.46489683320552e-05
ENSMUSG00000037843	Vstm2l	97.2317787616193	-4.2743592176341	0.848093291343024	-5.03996348192463	4.65620684461379e-07	4.75313144906951e-05
ENSMUSG00000046613	Vwa5b2	228.864011793421	-3.77763578564225	0.749589025373772	-5.0396092495599	4.66483282768826e-07	4.75313144906951e-05
ENSMUSG00000001025	S100a6	450.952795087134	3.07128235606535	0.610795031354836	5.02833552730902	4.94755614597183e-07	4.99659387060447e-05
ENSMUSG00000049892	Rasd1	260.654470555715	-3.3169877358524	0.66018563863123	-5.02432579831567	5.05204122151064e-07	5.05735915963854e-05
ENSMUSG00000058427	Cxcl2	543.932859585295	3.84931124068658	0.766885364052261	5.01940892488367	5.18307113482094e-07	5.14340937309362e-05
ENSMUSG00000026409	Pfkfb2	118.50180697548	-3.86926479096354	0.773624554010063	-5.00147619527755	5.68929927851865e-07	5.5970933936599e-05
ENSMUSG00000011751	Sptbn4	165.808288293632	-4.41416624962281	0.883369579058364	-4.99696429927792	5.82398452822057e-07	5.68062490906437e-05
ENSMUSG00000040136	Abcc8	1571.43929165916	-3.5683948988718	0.717047227530991	-4.97651306896318	6.47399072123933e-07	6.26111712803247e-05
ENSMUSG00000030796	Tead2	186.336067266924	3.61635490667064	0.727337881471961	4.97204256617569	6.62511537978387e-07	6.30048472617446e-05
ENSMUSG00000007888	Crlf1	84.1142587978806	4.74541658146186	0.954340358257382	4.97245719559315	6.610957095683e-07	6.30048472617446e-05
ENSMUSG00000053398	Phgdh	652.252976705612	3.1361961596081	0.632769727314315	4.95629930483425	7.18485086855412e-07	6.7763238109041e-05
ENSMUSG00000028354	Fmn2	108.082654564361	-4.15906734499519	0.839618057064991	-4.95352298583695	7.28817444487167e-07	6.81743006269471e-05
ENSMUSG00000020182	Ddc	381.845303126267	-3.26844374790288	0.662521742374526	-4.93333809119764	8.08360530420492e-07	7.45523127298732e-05
ENSMUSG00000051166	Eml5	185.744270160927	-3.39704450380209	0.688646917529402	-4.9329263187431	8.10067190545415e-07	7.45523127298732e-05
ENSMUSG00000058297	Spock2	566.308603773452	-3.07973072142107	0.626158413183975	-4.91845299300674	8.72308585503374e-07	7.96382846221161e-05
ENSMUSG00000044734	Serpinb1a	232.88241855245	3.45225597804339	0.702573759176855	4.91372746697528	8.9360945878623e-07	8.093548526721e-05
ENSMUSG00000010064	Slc38a3	207.74802380041	3.56683512915882	0.727917251668727	4.90005577005074	9.58094548419168e-07	8.60927164296027e-05
ENSMUSG00000040147	Maob	169.391411664185	-3.43802762764965	0.704620387627544	-4.87926220702396	1.06483421338408e-06	9.49366253370246e-05
ENSMUSG00000024659	Anxa1	261.91000297843	3.70861088486871	0.760908530209287	4.87392470662494	1.09402700536927e-06	9.67832262424354e-05
ENSMUSG00000027875	Hmgcs2	1055.16690455951	2.76038422162143	0.568371766973459	4.85665260313735	1.19386779649435e-06	0.000104803225335335
ENSMUSG00000115190	Gm49542	45.415998599137	-6.54363038954293	1.34797332419122	-4.85442127978988	1.20738819077047e-06	0.000105181023153226
ENSMUSG00000006204	Cdcp3	103.954168891469	4.24991152279715	0.878375636672183	4.8383759127227	1.30904381775129e-06	0.000113172788243771
ENSMUSG00000030560	Ctsc	230.593733315446	3.32137560672205	0.689624925108031	4.81620586176138	1.46313577839599e-06	0.00012554365039891
ENSMUSG00000108604	Gm44850	54.0258735950843	-5.21592566260957	1.08595162631427	-4.80309208644261	1.56233988313199e-06	0.000133055393629121
ENSMUSG00000074264	Amy1	156.847981666662	3.83112392929801	0.800669338003483	4.78490151608796	1.71071192910188e-06	0.000144612181740079
ENSMUSG00000070577	Gm572	95.7198640099037	-4.08196766035663	0.855378122099678	-4.77212072052616	1.82296178591025e-06	0.000152967940447116
ENSMUSG00000097927	Gm6999	42.8403510669823	-6.26441004332296	1.31376394294796	-4.76829195758427	1.85794400806876e-06	0.000154765379708618
ENSMUSG00000020635	Fkbp1b	110.180308594016	-3.93483507776081	0.825784263644165	-4.76496737827926	1.88884206051048e-06	0.000156199026047431
ENSMUSG00000031303	Map3k15	314.357288725306	-3.60842579243716	0.758981634910764	-4.75429921682021	1.99135930931413e-06	0.000162324231699234
ENSMUSG00000052516	Robo2	85.689440049526	-4.23509305364149	0.890733526945749	-4.75461282810727	1.98827078854798e-06	0.000162324231699234
ENSMUSG00000061601	Pclo	190.623816732318	-3.38342835689202	0.712741201986319	-4.74706435865196	2.06390294686994e-06	0.000167044400210495
ENSMUSG00000079620	Muc4	130.888450048772	-3.52169087083234	0.743071380232602	-4.73937089291469	2.14382780053699e-06	0.000172291287744565
ENSMUSG00000028137	Celf3	329.763485349844	-3.23202560599255	0.682208836358789	-4.7375897727199	2.16275058263363e-06	0.000172596570972133
ENSMUSG00000083079	Amy2b	255.732557064488	3.46618221598834	0.732354539650777	4.73292924167737	2.21302652563025e-06	0.000175382352156197
ENSMUSG00000041592	Sdk2	106.646990996658	-3.91438186007652	0.829301808641132	-4.72009323902296	2.3573656236119e-06	0.000185532803425234
ENSMUSG00000033350	Chst2	194.749440061408	3.35602056599797	0.713770803410413	4.70181821666399	2.57855016759292e-06	0.000201550784332674
ENSMUSG00000035783	Acta2	416.901151126702	2.89542882988985	0.616613663126181	4.69569359720358	2.65703577310012e-06	0.000206272736344344
ENSMUSG00000045903	Npas4	118.897003064345	-3.6286662765984	0.773235818192116	-4.69283262780364	2.69447929868146e-06	0.000207766201057789
ENSMUSG00000055409	Nell1	193.134295754594	-3.89989468292867	0.832712411572293	-4.68336322208174	2.82205790030796e-06	0.000216143119183319
ENSMUSG00000034648	Lrrn1	215.083281635793	-3.23758530303652	0.691732207335435	-4.68040271755996	2.86311946317713e-06	0.000217826128758516
ENSMUSG00000021803	Cdhr1	72.4901567483739	-4.60641110026981	0.988408845372207	-4.66043087517612	3.15548122711045e-06	0.00023847915075354
ENSMUSG00000030873	Scnn1b	197.685493696837	-3.98844579246029	0.856334150840681	-4.65758114229679	3.19946333799358e-06	0.000240212339560413
ENSMUSG00000002289	Angptl4	126.058274750501	3.79630564736886	0.818219698828169	4.63971431243445	3.4889115475929e-06	0.000260231755432223
ENSMUSG00000021194	Chga	15636.512947156	-3.46516069038894	0.748474079686233	-4.62963352296924	3.66313459148056e-06	0.000271452545181663
ENSMUSG00000001901	Kcnh6	95.2265863622189	-3.81430775040674	0.82789729095251	-4.60722337431291	4.08081552625853e-06	0.000300453334101048
ENSMUSG00000025738	Fbxl16	261.262300700785	-3.0676852993688	0.668389793454468	-4.58966508676613	4.43957757905855e-06	0.000324772175206514
ENSMUSG00000034701	Neurod1	176.487271172891	-3.53216559965848	0.77326068606858	-4.56788462583913	4.92671072588536e-06	0.000358112247157985
ENSMUSG00000023473	Celsr3	155.605971409772	-3.56652261624198	0.783141290739336	-4.55412408771723	5.2604299538478e-06	0.000379949535653868
ENSMUSG00000056553	Ptprn2	741.681025354886	-2.76725619411034	0.608888300557004	-4.54476821377399	5.49957381018056e-06	0.000394724127809941
ENSMUSG00000033740	St18	135.394134639284	-3.45342620613627	0.761117855680071	-4.53730809277964	5.69768383994445e-06	0.000403863155164261
ENSMUSG00000030017	Reg3g	77.1910489718037	4.24139729336098	0.934569671023546	4.53834253867428	5.66981088960421e-06	0.000403863155164261
ENSMUSG00000040152	Thbs1	1494.40642346798	2.55669135580123	0.566181108783727	4.51567760940228	6.3114622258993e-06	0.000444607450135573
ENSMUSG00000014602	Kif1a	311.174923360328	-2.82846549131024	0.626846888718992	-4.51221110324152	6.4155286404983e-06	0.000449165722977709
ENSMUSG00000028976	Slc2a5	294.602541383568	-3.34448861372407	0.741717412273016	-4.50911433166276	6.50988210614805e-06	0.000452992528020497
ENSMUSG00000045967	Gpr158	76.5710032607092	-4.23616359993732	0.941523910772201	-4.4992628986586	6.8189486437578e-06	0.000471623284379176
ENSMUSG00000058153	Sez6l	216.030282591821	-3.59265057032285	0.802602375153771	-4.47625210383227	7.59647783020034e-06	0.000522234969868953
ENSMUSG00000039470	Zdhhc2	193.585256629043	-3.34445990866044	0.749829448929126	-4.46029415547342	8.18472374630403e-06	0.000559305792771386
ENSMUSG00000074398	Gm15441	56.2209763133815	5.98488857384697	1.34500137214845	4.44972674212738	8.59796141706912e-06	0.000578743533859435
ENSMUSG00000109394	A230057D06Rik	62.4148066534994	-4.35806386626469	0.979029038025732	-4.45141430641626	8.5306574836196e-06	0.000578743533859435
ENSMUSG00000021268	Meg3	1593.09744428177	-2.96731321120258	0.666940215561043	-4.44914422907669	8.62131096706133e-06	0.000578743533859435
ENSMUSG00000032186	Tmod2	262.567800901008	-3.16884424818689	0.713786958987779	-4.43948184859054	9.01757193396868e-06	0.00060180427433012
ENSMUSG00000026072	Il1r1	429.681018646906	-3.06179592788815	0.691828601146582	-4.42565676355932	9.61493022060845e-06	0.00063425192877216
ENSMUSG00000040543	Pitpnm3	151.908312011111	-3.29708208012739	0.744883218788859	-4.42630736867487	9.58599068986562e-06	0.00063425192877216
ENSMUSG00000027168	Pax6	332.55982668612	-3.16592834228357	0.716692011999798	-4.41741820653146	9.98868503657614e-06	0.000647675418394357
ENSMUSG00000027984	Hadh	920.325933283346	-2.53085126578356	0.572687983247416	-4.41924981808142	9.90441045636644e-06	0.000647675418394357
ENSMUSG00000034855	Cxcl10	226.002054732804	3.06562882861526	0.693906738909252	4.4179262957355	9.96523886794447e-06	0.000647675418394357
ENSMUSG00000028179	Cth	70.5509225565545	4.9587452413402	1.128099445404	4.39566322059874	1.10435043919905e-05	0.000712025266222571
ENSMUSG00000021127	Zfp36l1	611.668211843319	2.72378257857871	0.620193593267145	4.39182637187523	1.12402448033493e-05	0.000720638616268661
ENSMUSG00000017344	Vtn	144.948992202124	3.23973821384127	0.738113041430974	4.38921687057638	1.13759579534131e-05	0.000725264984158382
ENSMUSG00000046157	Tmem229b	130.18951460874	-3.31396215181276	0.759180846987331	-4.36518145177609	1.27017277601441e-05	0.000805289539993133
ENSMUSG00000034990	Otoa	35.0593267451374	-6.1808014849726	1.42471033678922	-4.33828640487153	1.43597948540479e-05	0.000905381098753559
ENSMUSG00000029467	Atp2a2	2007.31179925921	-2.39533918275441	0.552479867759335	-4.33561351741026	1.45354137631576e-05	0.000911418361896453
ENSMUSG00000020592	Sdc1	171.60857606595	3.06472107779226	0.708093399286358	4.32813112066995	1.50379938041902e-05	0.000937779154608846
ENSMUSG00000027737	Slc7a11	72.9697008180871	6.34141645560763	1.46841943981429	4.31853207855219	1.57070395108826e-05	0.000974177907055393
ENSMUSG00000026347	Tmem163	72.9088662722499	-3.98209836029066	0.923091067891292	-4.31387378645897	1.60418551820928e-05	0.000989565682908342
ENSMUSG00000053279	Aldh1a1	289.305438404361	2.81330662890848	0.652784218193089	4.30970380487404	1.63473345562749e-05	0.00100298807503338
ENSMUSG00000019970	Sgk1	706.119698093884	2.55819300706133	0.594595436805015	4.30240941775044	1.68950749776914e-05	0.00103105131361184
ENSMUSG00000030263	Lrmp	53.1133321448454	5.299364102469	1.23215836809192	4.30087904258233	1.70121906718599e-05	0.00103267616993226
ENSMUSG00000040860	Crocc	126.366476420518	-3.4656722265604	0.808926631484849	-4.28428499158062	1.83327797728848e-05	0.00110695070247705
ENSMUSG00000097715	Gpr137b-ps	255.445744114896	-2.80219519936593	0.655488418347877	-4.27497286134927	1.91160578443994e-05	0.00114817080063308
ENSMUSG00000029322	Plac8	103.687374518383	3.56198140460268	0.834097577658217	4.27046127457074	1.95069091503584e-05	0.00116551228913031
ENSMUSG00000031748	Gnao1	413.080603259904	-2.85121824797546	0.668047786083883	-4.26798547554418	1.97246167060979e-05	0.00117238190546869
ENSMUSG00000025813	Homer2	62.1058070372327	4.77327846518216	1.1187242042597	4.26671600293194	1.98371423052064e-05	0.00117296097402599
ENSMUSG00000040721	Zfhx2	124.673004528701	-3.25891616339972	0.764277265739909	-4.26404959232264	2.00754856645805e-05	0.0011809352701247
ENSMUSG00000070802	Pnmal2	238.725908950722	-2.8470278450509	0.669265572485836	-4.25395831205877	2.10024418549626e-05	0.00122912752025042
ENSMUSG00000096146	Kcnj11	133.472078737342	-3.27767108255339	0.772472093138521	-4.24309319607438	2.20459826453156e-05	0.00128361609157317
ENSMUSG00000027220	Syt13	1000.31745096463	-3.07339372839503	0.725424563073783	-4.23668274392637	2.26846304145626e-05	0.00131409645832989
ENSMUSG00000019944	Rhobtb1	151.992544351538	-3.01166711356617	0.711076865664071	-4.23536084351948	2.28184979171278e-05	0.00131517524358718
ENSMUSG00000018822	Sfrp5	58.5246728721499	-4.09783758746081	0.968486301768972	-4.23117764285976	2.32470978650519e-05	0.00133314512982901
ENSMUSG00000075705	Msrb1	210.471475962715	2.84682817287395	0.674164774853866	4.22274832364393	2.41341263730407e-05	0.0013770932508457
ENSMUSG00000015968	Cacna1d	152.835922411679	-2.98957464105168	0.708384245689581	-4.22027262639284	2.4400705265005e-05	0.00138537735564297
ENSMUSG00000000794	Kcnn3	106.002137282006	-3.44464862757645	0.816509773891745	-4.21874757378366	2.45663121800662e-05	0.00138787502276691
ENSMUSG00000068699	Flnc	51.2893578017235	5.24607033164954	1.24491993205591	4.21398211769811	2.50907160192482e-05	0.00141051847887517
ENSMUSG00000044139	Prss53	68.1906385759439	-3.78444343536072	0.901495885828096	-4.19795974097475	2.69330495766552e-05	0.00150666647925877
ENSMUSG00000021733	Slc4a7	169.164680256176	-3.03750808572685	0.724366411097245	-4.19333094300402	2.74887955607851e-05	0.00153025431677893
ENSMUSG00000018927	Ccl6	61.2727672509914	4.79075306903454	1.14398974766041	4.18775874419519	2.81722755113754e-05	0.0015606893598826
ENSMUSG00000034799	Unc13a	161.232497542687	-2.94589319808173	0.704811287472844	-4.17969072068137	2.91905819600877e-05	0.00160928947501701
ENSMUSG00000056158	Car10	51.3741444208291	-4.29849073966998	1.02955200880563	-4.17510791383583	2.97844830153838e-05	0.00163413711620942
ENSMUSG00000038024	Dennd4c	280.03629868691	-2.64363064788152	0.634683725901012	-4.16527246563406	3.10980941070386e-05	0.0016980452150695
ENSMUSG00000062044	Lmtk3	79.0567985238705	-3.63833024825982	0.874762838268064	-4.15921903525683	3.19337562548068e-05	0.00173537155418979
ENSMUSG00000044453	Ffar1	91.2214038166613	-3.90385064757968	0.939369894853614	-4.15581835118107	3.24125274542266e-05	0.00175304153226367
ENSMUSG00000066513	Klk1b4	57.9551769790093	7.02242829063227	1.69415256177853	4.14509793808657	3.39668501901844e-05	0.00182844195457729
ENSMUSG00000027004	Frzb	188.981660021622	-3.08637323536564	0.746963797026945	-4.13189132813395	3.59790522347252e-05	0.00192766640423795
ENSMUSG00000045775	Slc16a5	57.7744551895526	5.40958487878804	1.31102081817898	4.1262387322743	3.68744485618825e-05	0.00196640750929067
ENSMUSG00000026131	Dst	610.025204406939	-2.40937747673403	0.585365493899924	-4.11602238574374	3.85466883745505e-05	0.00201786609050628
ENSMUSG00000032231	Anxa2	849.075643447336	2.35962188375689	0.572903937585409	4.11870425206341	3.81008767143716e-05	0.00201786609050628
ENSMUSG00000001627	Ifrd1	1709.69228598496	2.74794419963503	0.667447151547039	4.11709630233004	3.83675780629806e-05	0.00201786609050628
ENSMUSG00000041923	Nol4	72.2707283291334	-3.82677885085764	0.929623419523974	-4.11648283647715	3.84697963504814e-05	0.00201786609050628
ENSMUSG00000046223	Plaur	477.181788778885	2.76470686417131	0.673165436245529	4.10702438852329	4.00788925248206e-05	0.00208086799717015
ENSMUSG00000025408	Ddit3	297.505797255003	-2.6182203057935	0.637530304098895	-4.10681702337926	4.01148755150222e-05	0.00208086799717015
ENSMUSG00000033717	Adra2a	254.249499098039	-2.86531418870249	0.697922889497697	-4.10548820194834	4.0346187675006e-05	0.00208339680428583
ENSMUSG00000038508	Gdf15	149.46248840714	2.95725431110595	0.722268674366176	4.09439647053927	4.23269490391909e-05	0.00217583397493354
ENSMUSG00000056978	Hamp2	47.033082703587	5.71015461871999	1.39597242344385	4.09044944070821	4.30538061838136e-05	0.00220327370479678
ENSMUSG00000027313	Chac1	352.438004387944	3.55462135849486	0.871868070527033	4.07701747392371	4.56170658192389e-05	0.00232402658539801
ENSMUSG00000010505	Myt1	69.6188296129667	-3.81286699715612	0.936079840136021	-4.07322840816877	4.63659127029933e-05	0.00233512771657704
ENSMUSG00000041235	Chd7	235.246842620656	-2.70579171588195	0.664521604972275	-4.0717889315199	4.66534454416023e-05	0.00233512771657704
ENSMUSG00000000184	Ccnd2	748.747432995835	-2.34394638612624	0.57565352355366	-4.07180064087239	4.6651099714506e-05	0.00233512771657704
ENSMUSG00000057069	Ero1lb	2782.86500389359	-2.3022913872082	0.56532500384292	-4.07250939116061	4.65093242915827e-05	0.00233512771657704
ENSMUSG00000031596	Slc7a2	355.829009695492	-2.95136999254947	0.726743239104724	-4.06109040131597	4.88440522894444e-05	0.00243409748789144
ENSMUSG00000023387	Kcnk16	475.309820844161	-3.11003941561639	0.766550204422076	-4.05718946740239	4.96667892214871e-05	0.00246433651563309
ENSMUSG00000105703	Gm43305	117.533455086714	3.11854672278636	0.769738905542327	4.05143445437406	5.09045869780672e-05	0.00251481881642296
ENSMUSG00000021913	Ogdhl	120.439825190253	-3.32307317270621	0.820796144678677	-4.04859744316552	5.15254812946097e-05	0.00253452065747451
ENSMUSG00000063229	Ldha	360.962261580139	2.50174342974408	0.620049858743509	4.03474558451429	5.46614923627087e-05	0.00267724013237438
ENSMUSG00000067818	Myl9	196.942409105623	2.74404761873057	0.6805569769903	4.03206154885938	5.52897014959684e-05	0.00269643621141877
ENSMUSG00000032487	Ptgs2	80.4386075644867	4.69633298508474	1.16889627955103	4.01774996399904	5.87564939652318e-05	0.00285331535800521
ENSMUSG00000042258	Isl1	172.666085586785	-3.22580126107829	0.803212086140223	-4.01612639642867	5.9162533539235e-05	0.00286085946080403
ENSMUSG00000042216	Sgsm1	200.191791827704	-2.830228679416	0.705199946952971	-4.01337052228217	5.98578423510189e-05	0.00288226876333261
ENSMUSG00000020902	Ntn1	129.378362825871	3.25539459734342	0.811487338435279	4.01163942202785	6.02985493294044e-05	0.00289129010482001
ENSMUSG00000025867	Cplx2	271.513757549107	-2.85821452713951	0.714736732344175	-3.99897528389959	6.36173224710214e-05	0.00303766060267488
ENSMUSG00000100277	1810053B23Rik	48.948422833994	4.75414099955193	1.18929838833699	3.99743331545223	6.40330215753922e-05	0.0030447701759099
ENSMUSG00000031161	Hdac6	185.762502751196	-2.75480732277819	0.690046797414527	-3.9922036202471	6.54621241474557e-05	0.0030775142240156
ENSMUSG00000021303	Gng4	154.368832187558	-3.14199830295361	0.786767094750036	-3.99355581075979	6.50897489236864e-05	0.0030775142240156
ENSMUSG00000090291	Lrrc10b	86.3210317630192	-3.56049206059419	0.891916766369012	-3.9919555219137	6.55306656533291e-05	0.0030775142240156
ENSMUSG00000056004	9330182L06Rik	109.397479897379	-3.76091958312662	0.942740752469757	-3.98934656561085	6.62555599301437e-05	0.00309150394786824
ENSMUSG00000036169	Sostdc1	61.5349342291558	4.06998989511901	1.02031970471771	3.98893589558292	6.63703528941219e-05	0.00309150394786824
ENSMUSG00000064080	Fbln2	623.046564335028	2.32832443279559	0.584095849895723	3.98620266384578	6.71391708082617e-05	0.00311460250920277
ENSMUSG00000078161	Erich3	59.5738782665501	-3.71896834922168	0.93527642559537	-3.97633068411223	6.99867877329819e-05	0.00321733455204999
ENSMUSG00000022037	Clu	7511.9721072181	2.15448284621196	0.541925275051948	3.9756087146986	7.01994657781675e-05	0.00321733455204999
ENSMUSG00000020911	Krt19	1021.2290937139	2.53744935967058	0.638030750508254	3.97700166904065	6.97896753694063e-05	0.00321733455204999
ENSMUSG00000116652	B830017H08Rik	78.5704061896322	-3.57614380673959	0.900465316921697	-3.97143980954745	7.14395515556383e-05	0.00326107264941178
ENSMUSG00000027533	Fabp5	118.690584047012	3.71163607750711	0.936771679353862	3.96215658448088	7.42757990803875e-05	0.00337703354225252
ENSMUSG00000020310	Madcam1	43.1718341524037	5.58608787282274	1.41092218809019	3.95917501331807	7.52091098740574e-05	0.00340589826143946
ENSMUSG00000042784	Muc1	372.659025605324	2.50081953179501	0.633194392051091	3.94952887010601	7.83051663637463e-05	0.00353208916420187
ENSMUSG00000002769	Gnmt	107.805844176446	3.14905784751585	0.797744332779182	3.94745248336038	7.89871882549499e-05	0.00354882595419484
ENSMUSG00000026421	Csrp1	1271.73199968417	2.45435832569017	0.622121439071025	3.94514345841403	7.97522174063683e-05	0.00356914629428029
ENSMUSG00000042249	Grk3	166.461726851212	-2.73844920301254	0.695498629168768	-3.93738979224938	8.23727427518625e-05	0.00366554418169404
ENSMUSG00000030763	Lcmt1	294.130485575049	2.54675578653786	0.646897344645148	3.93687778689967	8.25486202852585e-05	0.00366554418169404
ENSMUSG00000030762	Aqp8	54.824606592696	4.58622776608261	1.16690916596593	3.93023544577806	8.48627210775859e-05	0.00375369524394345
ENSMUSG00000009075	Cabp7	76.6474239866329	-3.77856358667641	0.964052235336025	-3.91945939045448	8.87478126942721e-05	0.00391038624890747
ENSMUSG00000029644	Pdx1	157.905176821499	-2.75770400656079	0.704493182224961	-3.91445095018703	9.06101541747753e-05	0.00397708876708667
ENSMUSG00000027562	Car2	95.2656028921609	3.28287628207763	0.839627040566635	3.90992205284638	9.23259088671859e-05	0.00403687077391695
ENSMUSG00000053617	Sh3pxd2a	395.687202803189	-2.40098860061636	0.614227168869712	-3.90895864315903	9.26948294178351e-05	0.00403753203555853
ENSMUSG00000060803	Gstp1	263.402403257901	2.58016594891414	0.661342487070684	3.90140660755457	9.56353577360494e-05	0.00414977453415892
ENSMUSG00000051980	Casr	88.2508992794651	-3.58958670552076	0.921854624359838	-3.89387503264246	9.86554870770181e-05	0.00426460764592019
ENSMUSG00000004552	Ctse	58.9998541774473	4.46892295100686	1.14826611568282	3.89188785593433	9.94672216907374e-05	0.00428347144881017
ENSMUSG00000028699	Tspan1	57.6987912227749	4.98586470866601	1.28295458811114	3.88623631332624	0.000101810402463092	0.00436789591319102
ENSMUSG00000030220	Arhgdib	45.5176446484661	5.10633224494889	1.31478519636747	3.88377680175957	0.000102846324909713	0.00437941141742403
ENSMUSG00000018819	Lsp1	79.062984734553	4.47449741552064	1.15207668735344	3.88385379605199	0.000102813745366373	0.00437941141742403
ENSMUSG00000038486	Sv2a	116.565732313234	-3.02644826592154	0.78019393740125	-3.8790973895572	0.000104844775748421	0.00444791293992928
ENSMUSG00000040747	Cd53	49.6368710656749	6.83126783101031	1.76222216929985	3.87650771282968	0.000105966452413325	0.00447884872200319
ENSMUSG00000001435	Col18a1	328.056084937186	2.5559578286015	0.660533469522254	3.8695356806827	0.000109042822900441	0.00459186972302523
ENSMUSG00000058056	Palld	134.396818928852	2.87556820011188	0.743330033926824	3.86849457019917	0.000109509374550262	0.00459456243517498
ENSMUSG00000022270	Retreg1	476.554315834578	2.50189232086369	0.64931485053141	3.85312659769926	0.000116619054413054	0.00487493278007974
ENSMUSG00000037852	Cpe	3469.68893561416	-2.7020295940469	0.702074652879146	-3.84863572978474	0.000118777479137378	0.00493689651294201
ENSMUSG00000032285	Dnaja4	182.736402970327	-2.89167810690603	0.751427567269897	-3.84824596921849	0.000118966573874785	0.00493689651294201
ENSMUSG00000046352	Gjb2	44.3961290487818	5.02683395629983	1.3070186395928	3.84603080937388	0.000120046674728906	0.00495018529558021
ENSMUSG00000040605	Bace2	342.223708123666	-2.62096676961092	0.681512104452887	-3.84581103180113	0.000120154339894472	0.00495018529558021
ENSMUSG00000002221	Paxip1	212.739336100759	-2.61477946784025	0.680574368026439	-3.84201872812623	0.0001220265227325	0.00500923265260178
ENSMUSG00000032334	Loxl1	150.08073541761	3.05192072872328	0.794993878598891	3.83892355762793	0.000123574893263895	0.00505461176318124
ENSMUSG00000005034	Prkacb	606.869788968147	-2.36489875912648	0.617030208956302	-3.83271146987547	0.000126738570421171	0.00516550202016574
ENSMUSG00000030342	Cd9	378.482649405484	2.34369338790647	0.612159237767152	3.8285681948623	0.000128890918735578	0.00523453083491249
ENSMUSG00000047797	Gjb1	130.751049569634	2.86502244938802	0.748939972997742	3.8254366874295	0.000130540481326401	0.005282723308145
ENSMUSG00000040387	Klhl32	70.0977494165242	-3.60634016648848	0.944262630432215	-3.81921305605174	0.00013387809385055	0.00539864596121015
ENSMUSG00000024044	Epb41l3	211.076262957399	-2.54131257804224	0.666061781344587	-3.81543071411793	0.00013594559810608	0.00546271537178374
ENSMUSG00000049191	Rtl5	85.0225864181549	-3.22998254465193	0.847132645158906	-3.81284154625637	0.000137378192462564	0.00550091204344834
ENSMUSG00000029304	Spp1	4207.47265221527	2.14639916472053	0.563751125276196	3.80735233773405	0.000140462556904593	0.00559956513231647
ENSMUSG00000109321	A330076H08Rik	67.5144598117772	-3.51936909692232	0.924515363415021	-3.80671780717878	0.000140823273131338	0.00559956513231647
ENSMUSG00000029173	Sepsecs	132.813454395797	-2.78302457239708	0.73187162439671	-3.80261302614534	0.00014317790953092	0.0056734246651627
ENSMUSG00000015829	Tnr	93.8056197224658	-3.51166830131673	0.924531060767518	-3.79832376686344	0.000145677953381194	0.00572142999371225
ENSMUSG00000042873	Lhfpl4	61.3749263918948	-3.5139967560222	0.925009103851438	-3.79887802335248	0.000145352601510966	0.00572142999371225
ENSMUSG00000018623	Mmp7	115.033988395619	3.82317805073815	1.00664061323599	3.79795728531952	0.000145893456727153	0.00572142999371225
ENSMUSG00000026639	Lamb3	166.072820254538	2.83760155526977	0.747581107501976	3.79571062831101	0.000147221140682644	0.00574836055907022
ENSMUSG00000009614	Sardh	100.631880881613	3.16182153867091	0.833133944402025	3.79509388606208	0.000147587595847141	0.00574836055907022
ENSMUSG00000008540	Mgst1	293.511581004392	2.40275788241666	0.633280178272096	3.79414667449813	0.000148152081723819	0.00575071958038169
ENSMUSG00000039278	Pcsk1n	642.167607963074	-2.56520979288922	0.676811352686632	-3.79014001864258	0.000150562388995365	0.00580479048383482
ENSMUSG00000062444	Ap3b2	176.028097477894	-2.71535043628054	0.716283984888033	-3.79088531025162	0.000150111262999995	0.00580479048383482
ENSMUSG00000054423	Cadps	160.131063025021	-2.7539918942736	0.726874380122283	-3.78881409165954	0.000151368131189465	0.00580648018365001
ENSMUSG00000092341	Malat1	2026.03275746143	-2.13449427584989	0.563429747644174	-3.788394710742	0.00015162382533541	0.00580648018365001
ENSMUSG00000027199	Gatm	607.954168346139	2.31210086359354	0.611965402656964	3.77815617280832	0.000157993792852485	0.00603018449509218
ENSMUSG00000000628	Hk2	51.4079381178844	4.26253052177712	1.1293119480924	3.7744491493048	0.000160361613299859	0.00610015576992664
ENSMUSG00000026797	Stxbp1	251.344502154545	-2.42718010346034	0.643955853679572	-3.76917158154771	0.000163790267762371	0.00617730928791069
ENSMUSG00000036570	Fxyd1	64.2163963431352	3.53984142472866	0.939267697868012	3.76872475521465	0.000164083700632338	0.00617730928791069
ENSMUSG00000036395	Glb1l2	147.107038767758	-2.72288129009192	0.722631388583563	-3.76800860453774	0.000164555031854614	0.00617730928791069
ENSMUSG00000039954	Stk32a	188.594614631085	-2.92792382885936	0.776660150527345	-3.76989063604116	0.000163319097760854	0.00617730928791069
ENSMUSG00000047230	Cldn2	146.828818170876	2.86639397419388	0.762477863372833	3.75931435112665	0.00017037965214239	0.00637499209917689
ENSMUSG00000028927	Padi2	43.2098749734539	4.56995746057914	1.21914780600907	3.7484851615647	0.000177905860905216	0.00663484210670043
ENSMUSG00000020186	Csrp2	205.096650207074	2.97504836944603	0.793934963539783	3.74721923843949	0.000178805796877814	0.00664668323768602
ENSMUSG00000047821	Trim16	85.1570751456563	3.26262339468141	0.872192717058603	3.74071387076509	0.000183498326166628	0.00677696730813449
ENSMUSG00000051439	Cd14	446.62604591655	2.24838086091582	0.600942591574915	3.74142371074647	0.000182980724523922	0.00677696730813449
ENSMUSG00000099032	Tcf24	55.0073961791223	-3.56372632598129	0.954609502652381	-3.73317709082037	0.000189079554455015	0.00693818609466439
ENSMUSG00000030934	Oat	162.768682133086	2.63865605790326	0.706713278242409	3.73370097766606	0.000188686496809916	0.00693818609466439
ENSMUSG00000051331	Cacna1c	89.3237876507882	-3.10800220595968	0.832850654609937	-3.73176413893233	0.000190143492978084	0.00695486391623686
ENSMUSG00000057880	Abat	126.491019859433	-2.77961791681562	0.745720313142563	-3.72742684868264	0.000193444681489208	0.00705300544777905
ENSMUSG00000040016	Ptger3	86.6458155461838	3.14179695348324	0.843489198470698	3.72476252117932	0.000195499173495125	0.00708265577119482
ENSMUSG00000034871	Fam151a	39.1630994752499	-4.29844029256842	1.15381771337607	-3.72540674556918	0.000195000533948651	0.00708265577119482
ENSMUSG00000020053	Igf1	165.479707644878	2.75662309768067	0.741012616951986	3.72007579171798	0.000199163001489245	0.0071925575094787
ENSMUSG00000019838	Slc16a10	293.923521594008	-2.72104304786923	0.732744360735024	-3.7134957205808	0.000204415923115666	0.00735897323216397
ENSMUSG00000083773	Gm13394	31.3514447408143	8.61143483389741	2.32445959048632	3.70470403922821	0.00021163769276029	0.00759499795528437
ENSMUSG00000074063	Osgin1	760.887725429834	2.44969590130222	0.661487877959978	3.7033118563821	0.000212803018232271	0.00761287788108677
ENSMUSG00000040562	Gstm2	190.391299608722	2.54554772119289	0.688195274505663	3.69887416478031	0.000216557926820567	0.00772299706523847
ENSMUSG00000026094	Stk17b	110.2293284244	2.86821556294508	0.776495354196793	3.69379616689654	0.000220930920245938	0.00785440393098643
ENSMUSG00000024039	Cbs	601.253662109297	2.32574628227715	0.630185457966466	3.69057434264202	0.000223748282707264	0.00792986149768726
ENSMUSG00000037868	Egr2	99.7155350560018	3.04560122383558	0.82622508847387	3.68616405665088	0.00022765962261496	0.00804350344669325
ENSMUSG00000006649	Nphs1	60.37966611952	3.70734034965232	1.00601031544495	3.68519118813666	0.000228531024775573	0.00804937053931741
ENSMUSG00000103560	Gm38070	89.6188800368064	-3.4361988996833	0.932962070234563	-3.68310675140242	0.000230408612925187	0.00807350089543138
ENSMUSG00000052512	Nav2	243.146529960526	-2.43889544766036	0.66222850122683	-3.68286089037562	0.000230631028032828	0.00807350089543138
ENSMUSG00000031170	Slc38a5	203.001742114218	2.55465419720576	0.694125152312779	3.68039421809427	0.000232873651503522	0.00810935879686286
ENSMUSG00000002985	Apoe	2800.75062941467	2.72703434343208	0.741007278777048	3.68017214072817	0.00023307655847976	0.00810935879686286
ENSMUSG00000020766	Galk1	71.5350503914879	3.27197966075732	0.893058697793382	3.66379015045921	0.000248510411139284	0.0086200632581201
ENSMUSG00000045128	Rpl18a	2006.89579468518	2.02079688869318	0.552665108508079	3.656458237699	0.00025572405032994	0.00884340261322812
ENSMUSG00000028464	Tpm2	86.2942925658479	3.07618712424551	0.841821215172104	3.65420479883796	0.000257980290349655	0.00889413051285711
ENSMUSG00000066515	Klk1b3	29.4980765417914	8.49835905668399	2.32612488088759	3.65344058975941	0.000258749678432226	0.00889413051285711
ENSMUSG00000021702	Thbs4	49.8799824618383	4.22043192082512	1.15638975799947	3.64966214170419	0.000262585451255113	0.00897193164587829
ENSMUSG00000022464	Slc38a4	389.070771723775	-2.24403096701779	0.61482341854643	-3.64987880963147	0.000262364063086399	0.00897193164587829
ENSMUSG00000032060	Cryab	169.397295839966	2.53598213593124	0.695344870495887	3.64708541550424	0.000265231774961578	0.00903529855481053
ENSMUSG00000025746	Il6	97.683893135419	3.49806539363193	0.960449681410934	3.64211208701028	0.000270410277292987	0.00918429191805825
ENSMUSG00000027894	Slc6a17	109.901765738063	-2.9181851114848	0.802069097476505	-3.63832133748338	0.000274420898602873	0.00926535886052068
ENSMUSG00000037996	Slc24a2	113.822467809782	-2.96016625288337	0.813437103151714	-3.63908437593271	0.000273609147795252	0.00926535886052068
ENSMUSG00000033763	Mtss2	117.410623891667	-2.73837228994924	0.753373739427635	-3.63481250624648	0.000278182872190377	0.00936466943196631
ENSMUSG00000027950	Chrnb2	56.2305166410319	-3.48825646407335	0.960743143171512	-3.6307898618545	0.000282555173229232	0.00945606931639883
ENSMUSG00000116846	1810044K17Rik	29.430054647606	8.48640511066426	2.33716018902502	3.63107550373109	0.000282242591258624	0.00945606931639883
ENSMUSG00000017144	Rnd3	269.436630721693	2.39303342095519	0.659328687525303	3.62949992353147	0.000283970815323867	0.00947565773238588
ENSMUSG00000020212	Mdm1	204.178245516171	-3.09683210865826	0.853661335626069	-3.62770571820155	0.000285950917709467	0.00951391216589048
ENSMUSG00000097451	Rian	906.636080894729	-2.42704065983034	0.66971621794305	-3.62398370355238	0.000290099891806195	0.00962389524794271
ENSMUSG00000023809	Rps6ka2	151.579884790463	-3.08306582860714	0.851575291068194	-3.6204265916873	0.000294117690613668	0.00972890169647299
ENSMUSG00000069072	Slc7a14	266.417052835914	-2.59229918665265	0.716576289698532	-3.61761786416803	0.000297326944578262	0.00978131826415535
ENSMUSG00000105434	Gm43359	31.9674753475208	-4.96926592667949	1.37401238378107	-3.61660927174821	0.000298487344692642	0.00978131826415535
ENSMUSG00000029762	Akr1b8	42.5770302339929	4.24800517412216	1.17446651413201	3.61696576531315	0.000298076709914314	0.00978131826415535
ENSMUSG00000058881	Zfp516	194.22248474038	-2.43964150365158	0.674669987428806	-3.61605162391936	0.000299130746073451	0.00978131826415535
ENSMUSG00000030800	Prss8	189.161541966777	2.55602051992868	0.706999853577437	3.61530558598442	0.000299993539045697	0.00978150362168427
ENSMUSG00000029484	Anxa3	414.169126480382	2.21940701210495	0.614498890829254	3.61173477320667	0.000304155554856388	0.00988895496302308
ENSMUSG00000027962	Vcam1	106.20349818705	3.40217380891402	0.9422242460754	3.61078991873211	0.000305265856967	0.00989685784007785
ENSMUSG00000022237	Ankrd33b	64.6490916887591	-3.75722107652053	1.04463121564046	-3.59669615484061	0.000322284571906026	0.0104190128458685
ENSMUSG00000028357	Kif12	480.149928716631	-2.16718404275205	0.60306154760539	-3.59363658876513	0.000326094579025159	0.010512404903489
ENSMUSG00000025586	Cpeb1	88.822867930511	-2.9379292429226	0.817820041668782	-3.59239086013065	0.000327657898597929	0.0105330477149284
ENSMUSG00000021998	Lcp1	130.950338922817	3.0109573772324	0.838822549396424	3.58950457328422	0.000331307018993056	0.0106204373616538
ENSMUSG00000031367	Ap1s2	240.052404175107	-3.01974780777987	0.842343612146828	-3.58493584356107	0.000337161076681554	0.0107778213083751
ENSMUSG00000037610	Kcnmb2	86.253348952657	-3.18633293698373	0.889605360312986	-3.58173756491608	0.000341316568322392	0.0108801806639529
ENSMUSG00000030707	Coro1a	74.033780930897	3.33651476861509	0.931829790467192	3.58060538818173	0.000342799041974331	0.0108969990724542
ENSMUSG00000046733	Gprc5a	80.9927530520391	3.26415986251387	0.915255019231365	3.5663938398886	0.000361927326778427	0.0114413148287961
ENSMUSG00000048483	Zdhhc22	35.2576815487156	-4.11649604691711	1.15419104013808	-3.5665638562093	0.00036169270548657	0.0114413148287961
ENSMUSG00000019772	Vip	490.580659030099	2.43458984803388	0.683204992295701	3.56348369155382	0.000365965441421011	0.0115370099930845
ENSMUSG00000074457	S100a16	160.375427091678	2.50278106055567	0.702541421670416	3.56246761166746	0.000367385245169543	0.0115498634101235
ENSMUSG00000047407	Tgif1	261.728243330043	2.3186116391619	0.651234958631095	3.56033042826148	0.000370388430363906	0.0116122878222882
ENSMUSG00000057841	Rpl32	1854.70834059745	1.97088903010642	0.554822343362771	3.55228850042499	0.000381895891783078	0.0119402627863794
ENSMUSG00000034112	Atp2c2	27.0967617524688	8.3637830744339	2.36054952975887	3.54315085067851	0.000395376470011583	0.0123279679665907
ENSMUSG00000041959	S100a10	404.127446193595	2.16318230806703	0.611110156655772	3.53975839626818	0.000400493492426194	0.0124489542114818
ENSMUSG00000040952	Rps19	1299.00052606095	1.98261767334199	0.560198157082068	3.53913637215257	0.000401438411306106	0.0124489542114818
ENSMUSG00000112129	Pbld1	60.1973522202723	3.55838556681855	1.00571952433186	3.5381490373099	0.000402942552732089	0.0124617355332753
ENSMUSG00000030302	Atp2b2	46.7017691600773	-3.57679648267963	1.01139863971494	-3.53648536020154	0.000405488974256552	0.012506595065448
ENSMUSG00000026018	Ica1l	39.5969236023991	-3.84420384624224	1.08915489675397	-3.52952904834675	0.000416300000398719	0.0128054328963617
ENSMUSG00000004500	Zfp324	64.878601999941	-3.14910212624105	0.894379220939219	-3.52099204958503	0.000429935507018698	0.0131893118443478
ENSMUSG00000003355	Fkbp11	495.922030144692	2.1818153837402	0.620609456497726	3.51560125437469	0.000438759415821054	0.0134239207864608
ENSMUSG00000050359	Sprr1a	43.2626127224546	3.97640150259611	1.13170428263588	3.5136400591633	0.000442011319767041	0.0134512884831506
ENSMUSG00000028581	Laptm5	87.1036699826266	3.7864162920867	1.0775490282061	3.5139155555551	0.000441553158490618	0.0134512884831506
ENSMUSG00000026113	Inpp4a	154.031253486392	-2.47536916494055	0.704669438330991	-3.51280902830618	0.000443396046136693	0.01345754169817
ENSMUSG00000038900	Rpl12	1843.86333285668	1.94766561052741	0.55563188494318	3.50531649335888	0.000456064777298027	0.0138053348501992
ENSMUSG00000047963	Stbd1	116.000454360423	2.84481001613055	0.812587506690921	3.50092758343701	0.000463641811463946	0.0139975670699115
ENSMUSG00000023905	Tnfrsf12a	484.403362050609	2.25463742040003	0.644475548071674	3.49840645955629	0.000468047237895508	0.0140932851685054
ENSMUSG00000075225	Ccdc162	90.3661077317419	-2.80120934640786	0.801137161390019	-3.49654151799374	0.000471331142431909	0.0141548184142972
ENSMUSG00000003541	Ier3	506.663679620076	2.09585832365291	0.600124055803001	3.49237512375426	0.000478745390236592	0.0143397438146456
ENSMUSG00000031075	Ano1	204.878871881663	2.42306004260208	0.694382303891887	3.48951871184111	0.000483891179694675	0.0144559323106692
ENSMUSG00000017756	Slc12a7	236.794205301439	-2.25902834632424	0.647541117071351	-3.48862533477596	0.000485511146995209	0.0144664574660818
ENSMUSG00000024747	Aldh1a7	54.7842169027089	3.43081691961162	0.984900892603075	3.48341335192015	0.00049506334693368	0.0147126638416853
ENSMUSG00000050473	Slc35d3	37.7045096897692	-3.90504910398107	1.12195896643439	-3.48056321203208	0.000500360738649134	0.0148314720765296
ENSMUSG00000006519	Cyba	132.266417281803	2.70566941100367	0.778752732682782	3.47436265383328	0.000512068439192718	0.0151089885187189
ENSMUSG00000022346	Myc	317.336513970021	2.31594719510118	0.666612295105485	3.47420413950616	0.000512371061754663	0.0151089885187189
ENSMUSG00000051397	Tacstd2	52.6185409788689	3.50838377203925	1.01026372525514	3.47274051748537	0.000515173175678824	0.0151524646413576
ENSMUSG00000006360	Crip1	328.817658117336	2.18555210458407	0.630388612327685	3.46699172834675	0.00052631808600983	0.0154404678600108
ENSMUSG00000021367	Edn1	121.488079210296	2.78569117141604	0.805714443146282	3.45741744499208	0.000545379313097674	0.015958637746335
ENSMUSG00000032359	Ctsh	219.118825169939	2.6456261925319	0.765473069325742	3.45619760975036	0.000547853523377937	0.0159900368511228
ENSMUSG00000020732	Rab37	105.750796596016	-3.38271846452353	0.979123174155724	-3.4548446546987	0.000550609970953942	0.0160294923176694
ENSMUSG00000027947	Il6ra	137.919405650288	-2.68970171715021	0.779693551073866	-3.44969086052553	0.000561228843540547	0.0162970574109026
ENSMUSG00000003420	Fcgrt	125.387467781489	2.81684126365238	0.817420495923498	3.44601252072839	0.000568923998712347	0.0164368624640641
ENSMUSG00000019900	Rfx6	157.712702438811	-2.92521276745078	0.848805739801518	-3.44626883429747	0.000568384617410351	0.0164368624640641
ENSMUSG00000016200	Syt14	66.3830442209758	-3.10412504239996	0.902500042680983	-3.43947356853169	0.00058284669539236	0.0167540109414817
ENSMUSG00000027375	Mal	74.8950401385708	2.99527186553794	0.870771961234128	3.4397890594603	0.000582167735462543	0.0167540109414817
ENSMUSG00000002266	Zim1	93.7905051191927	-3.3768587140334	0.981988447234065	-3.43879678375534	0.000584305674264784	0.0167540109414817
ENSMUSG00000060771	Tsga10	48.0468236996415	-3.44014860556973	1.00114481093081	-3.4362147893183	0.000589903095805706	0.0168721156123677
ENSMUSG00000025068	Gsto1	139.831954163135	2.48465286798387	0.723712096719229	3.43320621452568	0.000596488240829263	0.0170178095108589
ENSMUSG00000001123	Lgals9	180.060068272983	2.34937772256415	0.684464411923711	3.43243225160699	0.000598193315554413	0.0170238955538827
ENSMUSG00000038775	Vill	67.5301159793413	3.08659095997152	0.901680981059487	3.4231518960783	0.000618994774137126	0.0175720606031166
ENSMUSG00000026609	Ush2a	61.3514129568835	-3.62807243817725	1.06079605529375	-3.42014133637834	0.00062588608412044	0.0177236029577729
ENSMUSG00000025777	Gdap1	83.7006276382794	-3.00815944042071	0.879949854997976	-3.41855780000967	0.000629539453511834	0.0177390228234001
ENSMUSG00000027520	Zdbf2	68.2297752399631	-3.02901085438116	0.886035400939471	-3.41861154889463	0.000629415125135531	0.0177390228234001
ENSMUSG00000024127	Prepl	246.467395402503	-2.22058971303024	0.650725609845861	-3.4124824341188	0.000643740756365948	0.0180945061863256
ENSMUSG00000071415	Rpl23	1831.12591945183	1.88953517742624	0.553847742630533	3.41165095022647	0.000645707386182311	0.0181051908872544
ENSMUSG00000036510	Cdh8	53.6770385675085	-3.51956329416254	1.03229113349871	-3.4094677169548	0.000650897810673655	0.0182059946456072
ENSMUSG00000098132	Rassf10	54.9313145370218	-3.30532484919416	0.969872252073441	-3.40800022077946	0.000654408417510245	0.0182594348670585
ENSMUSG00000034758	Tle6	133.48902086943	2.66407098556738	0.782235525638763	3.40571464507693	0.000659911153339399	0.0183680636144127
ENSMUSG00000031155	Pim2	87.9941867983202	-2.92960535595931	0.861094873420391	-3.40218650277466	0.000668490014174408	0.0185615767439376
ENSMUSG00000039485	Tspyl4	106.020030788452	-2.64434842495567	0.777867752804418	-3.39948328674392	0.000675133058487368	0.0187005302511113
ENSMUSG00000062515	Fabp4	303.414322631559	2.97000167611848	0.8741871531285	3.39744374587247	0.000680185710914411	0.0187948652129667
ENSMUSG00000038884	Shfl	98.2686484559187	-2.73625702085095	0.80649903252584	-3.39275921048707	0.000691924319263885	0.0190730442788393
ENSMUSG00000037405	Icam1	266.315641850134	2.16796827110188	0.639199080315168	3.39169491613306	0.000694617368775277	0.019101140752924
ENSMUSG00000023885	Thbs2	61.2939318170659	4.1012335486054	1.21112734587337	3.38629423452405	0.00070843381617181	0.0194342468994055
ENSMUSG00000074240	Cib3	19.4064995313967	-5.89294390641956	1.7436122416368	-3.37973304252992	0.000725562668543553	0.0198564056916523
ENSMUSG00000015222	Map2	305.634080963911	-2.15010107040349	0.637321964230866	-3.37364972663116	0.000741786926674287	0.0202062341867706
ENSMUSG00000021749	Oit1	59.491610058293	3.67732489898901	1.09023791543105	3.3729563491975	0.000743657409607749	0.0202062341867706
ENSMUSG00000021944	Gata4	76.6145438762481	3.09726012291616	0.918176395197947	3.37327352251136	0.000742801247154056	0.0202062341867706
ENSMUSG00000049044	Rapgef4	121.520694717991	-2.74332930716428	0.815393177216548	-3.36442514337561	0.000767032883516179	0.0207543914637251
ENSMUSG00000036402	Gng12	497.245995338081	-2.05322517689932	0.61030362214595	-3.36426837789323	0.00076746873446302	0.0207543914637251
ENSMUSG00000035847	Ids	308.169586939489	-2.26049215761554	0.672544254536087	-3.36110544751408	0.000776311817003952	0.0208249788515894
ENSMUSG00000020340	Cyfip2	354.491369674752	-2.05899662615959	0.612615710040147	-3.36099220508833	0.000776630172989095	0.0208249788515894
ENSMUSG00000023043	Krt18	3626.94538584655	2.03330119743423	0.605018391255258	3.36072626356969	0.000777378285206543	0.0208249788515894
ENSMUSG00000055044	Pdlim1	175.689501169784	2.3109844329221	0.687266115791427	3.36257583463266	0.00077218913337117	0.0208249788515894
ENSMUSG00000005873	Reep5	775.244063237967	1.94945986067868	0.580667642661397	3.35727310677006	0.000787153190526668	0.0210374524831155
ENSMUSG00000066036	Ubr4	744.930725842382	-1.9222333412394	0.574579312257216	-3.3454621498431	0.000821455701576066	0.0219029263233319
ENSMUSG00000007892	Rplp1	3263.83982420346	1.8336433620522	0.548562102517978	3.34263587228413	0.000829867168768413	0.0220756273426227
ENSMUSG00000057058	Skap1	49.3918782392058	-3.32151957407068	0.994219854957156	-3.34083005635993	0.000835283335014963	0.0221680312074204
ENSMUSG00000072966	Gprasp2	116.718573765081	-2.68481438762439	0.804450046557619	-3.33745320683761	0.000845499574000673	0.0223834780263043
ENSMUSG00000040009	Gnaz	71.9530488091613	-2.98900803614013	0.895756280217307	-3.33685412221169	0.000847324089323821	0.0223834780263043
ENSMUSG00000068617	Efcab1	139.346839928165	-2.83384343220042	0.849987809207269	-3.33398126597059	0.000856124237433709	0.0225637177773522
ENSMUSG00000028445	Enho	196.208361065455	-2.85145777045251	0.8565181178253	-3.32912720829813	0.000871186041579221	0.0229077767430923
ENSMUSG00000041798	Gck	137.359619626709	-2.39263346855839	0.71896595364899	-3.3278814614447	0.000875090930184717	0.0229286806548107
ENSMUSG00000020644	Id2	249.066584842386	2.23292936887824	0.671034522187666	3.32759238913459	0.000875999366061817	0.0229286806548107
ENSMUSG00000030683	Sez6l2	316.172553981058	-2.66001154483059	0.800139349721641	-3.3244353571112	0.000885977701794053	0.0231367906930749
ENSMUSG00000097412	1810014B01Rik	38.8292095090356	-3.69029327950684	1.11067165254501	-3.32257807341247	0.00089189708331316	0.0232381952392004
ENSMUSG00000035697	Arhgap45	51.2250370014025	3.65586741565508	1.10113613279974	3.32008668751945	0.000899895001403347	0.0233400039909432
ENSMUSG00000034634	Ly6d	34.3381597242527	4.26304508559883	1.28377643469678	3.32070676044598	0.00089789823574601	0.0233400039909432
ENSMUSG00000038807	Rap1gap2	610.244157139001	-1.94112663934078	0.585318914522146	-3.31635727324055	0.000911991576512306	0.0236001085513797
ENSMUSG00000043384	Gprasp1	400.629411832523	-2.11593762062129	0.638712524002299	-3.31281686377842	0.000923614366354988	0.02384680350417
ENSMUSG00000041608	Entpd3	214.646198807928	-2.49454990145381	0.753296368342021	-3.31151191787136	0.000927932873383348	0.0239042211084667
ENSMUSG00000025492	Ifitm3	227.290339594227	2.35948442976997	0.712972091818377	3.30936435920275	0.00093508062036497	0.0240340991882996
ENSMUSG00000061762	Tac1	39.2707831284675	3.85765613291093	1.16844361650826	3.3015338339038	0.000961577368581192	0.0246595975960642
ENSMUSG00000033590	Myo5c	160.652878215027	2.4700757950008	0.748480182447821	3.30012183745826	0.000966428622297336	0.0246731173101951
ENSMUSG00000024538	Ppic	141.445076709214	2.81302666635237	0.852349620452642	3.30032019590565	0.000965745748341643	0.0246731173101951
ENSMUSG00000024164	C3	553.846506395976	2.08803958373645	0.632967050927638	3.29881244320118	0.00097094760796407	0.0247331564778705
ENSMUSG00000030827	Fgf21	22.5368258946643	8.08449998540044	2.45313764867735	3.29557535825979	0.000982203566569183	0.0249641583556515
ENSMUSG00000024215	Spdef	37.2356882474312	4.01790960289517	1.21945840894072	3.29483119181187	0.000984808198294742	0.0249747359087546
ENSMUSG00000000957	Mmp14	304.695871113987	2.37609987838209	0.721414097709775	3.29366987133372	0.000988885677267145	0.0250225351418462
ENSMUSG00000028195	Ccn1	2206.40964187538	1.98969068148644	0.604238857839263	3.29288766465881	0.00099164086441976	0.0250367379308812
ENSMUSG00000034656	Cacna1a	132.548512624826	-2.45742959584141	0.746499347431695	-3.29193803624359	0.000994995317008822	0.0250586470832901
ENSMUSG00000022619	Mapk8ip2	131.659451671042	-2.45744828552279	0.746627036956448	-3.29140007511694	0.000996900260761805	0.0250586470832901
ENSMUSG00000039126	Prune2	140.551405185261	-2.35313057343588	0.715140338347354	-3.29044587090951	0.00100028744753207	0.0250885282444748
ENSMUSG00000034457	Eda2r	28.022858634746	4.97345709848264	1.5126245412423	3.28796536277138	0.00100914254326443	0.0252551199643282
ENSMUSG00000026627	Pacc1	120.701756393919	-2.48134891900162	0.755450512594966	-3.28459492399867	0.00102129088781925	0.0255032201570968
ENSMUSG00000062997	Rpl35	541.788766202692	1.93634824906976	0.589880387608305	3.28261167814168	0.00102850237383062	0.025626354169863
ENSMUSG00000021253	Tgfb3	199.690797270819	2.1995994128689	0.670199629317866	3.28200631072814	0.00103071298317272	0.025626354169863
ENSMUSG00000059713	Rcan3	163.188239721994	-2.3403158576685	0.713845575264848	-3.27846237164137	0.0010437427853923	0.0258938971019498
ENSMUSG00000041351	Rap1gap	1002.85069302268	2.08885062495113	0.638025267032796	3.27393088155514	0.00106062551037844	0.0262556579705829
ENSMUSG00000006445	Epha2	397.64694734468	2.26937543901243	0.693779443986719	3.27103297551127	0.00107155414921409	0.0264687791143531
ENSMUSG00000047675	Rps8	2002.18956774334	1.80717272137596	0.552882458989625	3.26863819242612	0.00108066391066996	0.0265787425615637
ENSMUSG00000010080	Epn3	150.05149049616	2.58508175180273	0.790772538266575	3.26905858095351	0.00107905958555349	0.0265787425615637
ENSMUSG00000035506	Slc12a8	73.2696687324382	2.95286395877294	0.903728375786954	3.26742419280752	0.00108530928037562	0.026635590339025
ENSMUSG00000026153	Fam135a	200.668118739279	-2.19409533924649	0.672485929154463	-3.26266356532573	0.00110370460923832	0.0270289206022053
ENSMUSG00000028111	Ctsk	46.2614276314957	4.11417724457407	1.26149824857522	3.26134201868356	0.00110886202828536	0.0270970738046949
ENSMUSG00000029378	Areg	29.8925158715104	4.47228553553565	1.37187177529364	3.2599880076827	0.0011141692463722	0.0271685885461528
ENSMUSG00000026278	Bok	89.8370138875011	2.65135097924834	0.813548907070537	3.25899396607321	0.00111808045861811	0.0272058298374198
ENSMUSG00000038156	Spon1	131.304727646372	3.25190072597748	0.998320807387503	3.25737047842101	0.00112449563178996	0.0273037109574191
ENSMUSG00000041907	Gpr45	45.7137003464159	-3.4759735242329	1.06869615302937	-3.25253676115496	0.00114379799482712	0.0275160635292079
ENSMUSG00000017943	Gdap1l1	68.8604406523989	-2.9412485496356	0.903833832987013	-3.25419169131486	0.0011371551890284	0.0275160635292079
ENSMUSG00000047281	Sfn	561.867491132798	2.10451824976174	0.646964517569344	3.25291139252652	0.00114229111032364	0.0275160635292079
ENSMUSG00000020051	Pah	361.34516759403	2.22394626273471	0.683835718254806	3.25216452338928	0.00114529707118592	0.0275160635292079
ENSMUSG00000061911	Myt1l	48.6698470394849	-3.32573237054866	1.02232837311524	-3.25309602864146	0.00114154912140305	0.0275160635292079
ENSMUSG00000036781	Rps27l	396.318537423775	1.97408210496678	0.607178199539424	3.25124009140022	0.00114902780341818	0.0275477001945553
ENSMUSG00000023913	Pla2g7	37.4904818938746	6.43093233040435	1.98264662987301	3.2436099471827	0.00118025249569019	0.0282369842365125
ENSMUSG00000034463	Scara3	353.758304853259	2.00201742897653	0.617940376837624	3.23982297324876	0.00119603929446006	0.0283767160673143
ENSMUSG00000041654	Slc39a11	166.495139921866	2.28708480195949	0.705742772406291	3.24067761142133	0.00119245960466456	0.0283767160673143
ENSMUSG00000034111	Tmed8	146.485280812796	-2.38485916962266	0.735998363068259	-3.24030499154993	0.0011940191207216	0.0283767160673143
ENSMUSG00000024867	Pip5k1b	127.093556800849	-2.36691205196577	0.730185646959909	-3.24152092254933	0.00118893706346072	0.0283767160673143
ENSMUSG00000001249	Hpn	137.19776705259	2.50733205921886	0.774668647017856	3.23665101055919	0.00120941217795057	0.0286344642630122
ENSMUSG00000007872	Id3	174.795663886627	2.44778823211154	0.756886452266929	3.23402304900588	0.0012205960447264	0.0288394245598709
ENSMUSG00000060791	Gmfg	19.3503335397682	7.92221973578521	2.45080209614764	3.23250079973327	0.00122711792375516	0.0288898940872707
ENSMUSG00000032554	Trf	166.370798991235	3.13432642089546	0.969676260859866	3.23234315143084	0.0012277951833444	0.0288898940872707
ENSMUSG00000026385	Dbi	411.095660745668	1.96959735945801	0.609634791418037	3.23078240806539	0.00123451881281903	0.0289594979035425
ENSMUSG00000019997	Ccn2	172.768041536272	2.31260865633919	0.715871685304492	3.23047929372362	0.00123582855582065	0.0289594979035425
ENSMUSG00000021198	Unc79	78.7773293668602	-2.78228183098363	0.86216358166443	-3.22709273524678	0.00125054923237376	0.0292444013111667
ENSMUSG00000020847	Rph3al	156.122191744512	-2.26261016425732	0.701345487735117	-3.22609926751515	0.00125489824892029	0.0292860916496489
ENSMUSG00000064215	Ifi27	364.918634996511	2.03253065313783	0.630476581221796	3.22380039746917	0.00126501540903194	0.029461950709944
ENSMUSG00000056737	Capg	137.432500224475	2.69779452129383	0.837161757913528	3.22254868404117	0.00127055572112847	0.0294706948973944
ENSMUSG00000035504	Reep6	71.0647446145233	-2.78589030167708	0.864497699124	-3.22255374942009	0.00127053325576548	0.0294706948973944
ENSMUSG00000049775	Tmsb4x	1896.50981572352	2.10119419328817	0.652183265821836	3.22178489299383	0.00127394739552731	0.0294894273382508
ENSMUSG00000020917	Acly	1454.1273893508	-1.85317194970936	0.575351364062183	-3.22093952576268	0.0012777110589989	0.0295166773386548
ENSMUSG00000032338	Hcn4	27.0816306799176	-4.10500979181721	1.27486210557531	-3.21996377009319	0.00128206798527952	0.0295574946424442
ENSMUSG00000068874	Selenbp1	184.352862425331	2.46578753174253	0.766062134444211	3.21878268207513	0.00128736010330735	0.0296196643123861
ENSMUSG00000026994	Galnt3	55.4235292802939	3.18400723918447	0.99042477271399	3.21478958009053	0.00130540173571365	0.0296557418133955
ENSMUSG00000027765	P2ry1	59.1570213447889	-2.94824588404865	0.916451073870898	-3.21702485610702	0.00129527376502546	0.0296557418133955
ENSMUSG00000004891	Nes	134.50472188729	2.36078302800469	0.734063457603395	3.21604760944276	0.0012996926855549	0.0296557418133955
ENSMUSG00000047501	Cldn4	2436.00049378098	1.93082875987072	0.600891645660152	3.21327276525781	0.0013123159495062	0.0296557418133955
ENSMUSG00000039419	Cntnap2	36.3290564017471	-3.7878778674207	1.17849750952448	-3.21415856784382	0.00130827403337071	0.0296557418133955
ENSMUSG00000030826	Bcat2	294.868714862099	2.16227706645294	0.672755081324749	3.21406277927342	0.00130871056183787	0.0296557418133955
ENSMUSG00000019851	Perp	191.093001593014	2.35087101263971	0.731493091750116	3.21379796904874	0.0013099180567413	0.0296557418133955
ENSMUSG00000020131	Pcsk4	59.1570213447889	-2.94824588404865	0.916451073870898	-3.21702485610702	0.00129527376502546	0.0296557418133955
ENSMUSG00000023484	Prph	112.10863751887	2.61896138698995	0.814828547951049	3.21412571218268	0.00130842374831907	0.0296557418133955
ENSMUSG00000028986	Klhl7	210.675198806557	-2.2099358310822	0.689008685550901	-3.2074136036692	0.0013393428335732	0.0302066806654889
ENSMUSG00000021587	Pcsk1	650.047234828386	-2.4552767594462	0.765852655459975	-3.20593882118428	0.00134622607110662	0.0303020353520094
ENSMUSG00000026204	Ptprn	573.885694550257	-2.37289577548204	0.740804776605682	-3.20313239117395	0.00135941471250706	0.0305309806512929
ENSMUSG00000006575	Rundc3a	245.955558439639	-2.30887983388102	0.720930521512359	-3.20263848593548	0.0013617480854809	0.0305309806512929
ENSMUSG00000039431	Mtmr7	108.239031678527	-2.52822140994352	0.792093899383202	-3.19182032826187	0.00141379247215689	0.0316356856710872
ENSMUSG00000106847	Peg13	153.629680709816	-2.25055237795058	0.705600222630978	-3.18955735240407	0.00142490862148827	0.0318220297229434
ENSMUSG00000023033	Scn8a	39.4757462838903	-3.40120243366937	1.06713137069027	-3.18723872906979	0.00143638164577374	0.0320156002765037
ENSMUSG00000079657	Rab26	44.6609922282538	3.41580202250295	1.07233587742033	3.18538444383694	0.00144561824507748	0.0321586655220745
ENSMUSG00000061983	Rps12	2466.81683601312	1.7497646234875	0.549571986463381	3.18386793101961	0.00145321298829118	0.0322647210552119
ENSMUSG00000026208	Des	75.2818373956974	2.72675752127496	0.856984867129489	3.18180358354327	0.00146361041145823	0.0323696163092274
ENSMUSG00000020282	Rhbdf1	212.380087962675	2.20382718651044	0.69262517028594	3.1818468069831	0.00146339200865543	0.0323696163092274
ENSMUSG00000060802	B2m	858.671602217473	1.96500138746275	0.618520620495937	3.17693755446211	0.00148839079925873	0.0328034600373589
ENSMUSG00000042745	Id1	195.30999109268	2.22445631686701	0.700243749377597	3.17668857286364	0.00148966908132675	0.0328034600373589
ENSMUSG00000017493	Igfbp4	264.366321683825	2.65010757560772	0.834347344302083	3.17626417067881	0.00149185031189881	0.0328034600373589
ENSMUSG00000032855	Pkd1	348.624093373523	-1.99333105659495	0.627998628523736	-3.17410097101767	0.00150301395077724	0.0329853753966728
ENSMUSG00000034394	Lif	100.060251314391	2.53070276868175	0.797886491138868	3.17175788384327	0.00151519272708591	0.0331888280259202
ENSMUSG00000076617	Ighm	120.798973418429	2.38588197535124	0.752706463844296	3.16973759354453	0.00152576659925075	0.0332926356226569
ENSMUSG00000067629	Syngap1	104.66061840476	-2.45192996004253	0.773464694345101	-3.17006060906063	0.0015240714362701	0.0332926356226569
ENSMUSG00000027597	Ahcy	357.907582686555	2.11070808836655	0.666673533763335	3.16602952040367	0.00154535109774614	0.0335915175761503
ENSMUSG00000024640	Psat1	149.586093186085	2.38394459187584	0.752942006939504	3.16617291890235	0.00154458944333344	0.0335915175761503
ENSMUSG00000047507	Baiap3	194.871118140395	-2.79228636771586	0.882807562792624	-3.16296153929957	0.00156172962571441	0.0338830009289978
ENSMUSG00000047945	Marcksl1	170.122440916317	2.31167565914634	0.731161335793153	3.16164920925239	0.00156878423463857	0.033971471889365
ENSMUSG00000024743	Syt7	300.469772031854	-1.97792214194382	0.626193935853078	-3.15864148260915	0.00158506350489996	0.0342589862081788
ENSMUSG00000022500	Litaf	244.639657487821	2.04365418188546	0.647241258416459	3.15748440834175	0.00159136746661172	0.0343302183912532
ENSMUSG00000041842	Fhdc1	58.7849210156128	-2.8765957127848	0.911933391146561	-3.15439235004664	0.00160832701417181	0.0346306186523182
ENSMUSG00000035713	Usp35	94.5677138872634	-2.6979321604489	0.855699945607139	-3.15289509400945	0.00161659891661025	0.0346320071238444
ENSMUSG00000006731	B4galnt1	75.2453886844383	2.78039397577535	0.881602641843469	3.15379496817458	0.00161162269224654	0.0346320071238444
ENSMUSG00000021390	Ogn	44.2861253548183	3.61522437870842	1.1466953065409	3.15273321351077	0.00161749560085954	0.0346320071238444
ENSMUSG00000017723	Wfdc2	82.2076442241222	2.72673350261099	0.865189883871275	3.15160123048397	0.00162377865563489	0.0347014270001973
ENSMUSG00000029675	Eln	561.427972623766	1.85628661703898	0.58916101464506	3.15072886850346	0.00162863600455296	0.0347386227925688
ENSMUSG00000018920	Cxcl16	264.638368045646	2.05133650934622	0.65117733386849	3.15019642523446	0.00163160723946871	0.0347386227925688
ENSMUSG00000024782	Ak3	229.760830104744	2.10901194562705	0.66966223233699	3.14936671621306	0.00163624727486309	0.0347725398523978
ENSMUSG00000026589	Sec16b	88.7781113379259	-2.58612323020489	0.822498521192964	-3.14422842542493	0.00166525397192355	0.0353231939174564
ENSMUSG00000025511	Tspan4	60.1036375640503	2.91556022056982	0.929880237538008	3.13541475866741	0.00171611293340985	0.0363344727199875
ENSMUSG00000047139	Cd24a	815.49678251543	1.79491263150216	0.573041287612205	3.13225708217526	0.00173467908791375	0.0366595513912439
ENSMUSG00000026483	Fam129a	182.472627029803	2.23790465221325	0.715508348305351	3.12771284571818	0.00176172209017208	0.0370305131827586
ENSMUSG00000006219	Fblim1	71.0625982260543	2.78111402420474	0.889196198760975	3.12767196719914	0.00176196710990518	0.0370305131827586
ENSMUSG00000033715	Akr1c14	119.523144391183	-2.51683862878178	0.804457213872275	-3.12861714132304	0.00175630988220379	0.0370305131827586
ENSMUSG00000032348	Gsta4	71.662277672798	2.87140729033261	0.918856358795607	3.12497950615079	0.00177817447758453	0.0373024395922695
ENSMUSG00000059981	Taok2	346.103114783984	-1.92635958282614	0.616757931856321	-3.123364100123	0.00178796413523461	0.0374389847913712
ENSMUSG00000031825	Crispld2	78.3579083813073	2.80298996647975	0.898082352975352	3.12108344762975	0.00180186966740034	0.0376610561252248
ENSMUSG00000028804	Csmd2	21.2608726229764	-4.52974867853835	1.45239387281525	-3.11881560733805	0.00181579557882758	0.0377447343271044
ENSMUSG00000056222	Spock1	73.1083169187972	-2.81905902786743	0.903850862428137	-3.11894267633292	0.00181501269009092	0.0377447343271044
ENSMUSG00000037095	Lrg1	46.9403729399219	3.19740464559588	1.02500915797869	3.11939129587987	0.00181225116644972	0.0377447343271044
ENSMUSG00000028378	Ptgr1	114.172956713896	2.35751349628079	0.757077517924523	3.11396579671756	0.00184590886926962	0.038231419266978
ENSMUSG00000035557	Krt17	159.080244557895	2.40145383426907	0.771101990127372	3.11431414393366	0.00184373072220787	0.038231419266978
ENSMUSG00000026981	Il1rn	32.878225962392	4.20937477951221	1.35208961750573	3.11323652294399	0.00185047653346396	0.038256590941831
ENSMUSG00000066456	Hmgn3	110.935269311956	-2.72115251293977	0.874356795667936	-3.11217631797673	0.00185713544446658	0.0383248276532596
ENSMUSG00000020810	Cygb	55.5563888490826	3.47848545325143	1.12219903445599	3.09970455012707	0.00193713767323297	0.0399036374132395
ENSMUSG00000025151	Maged1	2202.26337348191	-1.76547376234569	0.571666298644062	-3.08829428380372	0.00201309014246923	0.0413934859565024
ENSMUSG00000069515	Lyz1	31.16090155174	4.12544958202425	1.33640362868381	3.08697873417726	0.00202202061654142	0.0415023368272855
ENSMUSG00000044365	Cxxc4	68.6020451110508	-2.86878582547777	0.930936716509669	-3.08161207373324	0.00205882956191792	0.0419560052867988
ENSMUSG00000022132	Cldn10	61.3595056433547	2.92913408413972	0.950514415078293	3.081630365278	0.00205870306623578	0.0419560052867988
ENSMUSG00000020758	Itgb4	232.726380522108	2.113237564887	0.685460719245606	3.08294480712586	0.00204963165104791	0.0419560052867988
ENSMUSG00000073418	C4b	68.2189818863449	2.95267518254454	0.958001282182918	3.08212028257052	0.00205531768148849	0.0419560052867988
ENSMUSG00000030144	Clec4d	19.0303837423586	7.91349932062757	2.56877550186198	3.08065041685872	0.00206548997699835	0.042016705200544
ENSMUSG00000031144	Syp	246.20950848689	-2.07362811991051	0.673596363580615	-3.07844316273887	0.0020808521885184	0.0422538882124056
ENSMUSG00000064254	Ethe1	56.5270645334858	3.32523027570868	1.08071453755483	3.07688123010927	0.00209178628921042	0.0423252927880662
ENSMUSG00000020467	Efemp1	125.93120465219	2.28607919992716	0.742878886982264	3.07732423142851	0.00208867977626802	0.0423252927880662
ENSMUSG00000024529	Lox	86.601823961292	3.240555671196	1.05347701921416	3.07605729607019	0.00209757533688518	0.0423673092823606
ENSMUSG00000019796	Lrp11	188.933136102586	-2.28188378221442	0.742389277134333	-3.0737025068878	0.00211420143904757	0.0426276798982523
ENSMUSG00000025362	Rps26	1052.21172571008	1.73382344347671	0.564508529145783	3.07138573459704	0.00213067698289075	0.0428841018143726
ENSMUSG00000054136	Adm2	29.9768268034374	4.03129772898027	1.31524754630864	3.06504865969487	0.00217634585410495	0.0437261600124044
ENSMUSG00000030838	Ush1c	100.785012009449	-2.4249813209602	0.791903055585437	-3.06221993191763	0.00219701963419153	0.0439866457287609
ENSMUSG00000021728	Emb	299.817102592333	-2.24918357064795	0.734438938698538	-3.06245141990103	0.00219532106416755	0.0439866457287609
ENSMUSG00000034612	Chst11	97.5544288707018	-2.58593798930874	0.845651206798768	-3.05792502691253	0.00222875329595802	0.0444659661074702
ENSMUSG00000024521	Pmaip1	71.7552355698742	2.65177904455438	0.867105754912323	3.05819564629982	0.00222674144430098	0.0444659661074702
ENSMUSG00000024912	Fosl1	46.3412807104124	3.30467038691154	1.08184087956387	3.05467324200558	0.00225305847481525	0.0448724316135979
ENSMUSG00000013033	Adgrl1	135.308744333666	-2.20361970228083	0.721715015205563	-3.05331004046408	0.00226331965752139	0.0449982646892581
ENSMUSG00000026442	Nfasc	123.606091639045	-2.24353913149709	0.734968245976386	-3.05256607177173	0.0022689377512141	0.0450315088988788
ENSMUSG00000000740	Rpl13	2123.42377138751	1.67974730586814	0.551793994905229	3.04415655367296	0.00233333682084561	0.0462292357630037
ENSMUSG00000030208	Emp1	408.948763142387	2.39218631432902	0.786293877332384	3.04235653270615	0.0023473368324834	0.0463456884641878
ENSMUSG00000037386	Rims2	47.3408334042512	-2.99258887884929	0.983535462067099	-3.04268528616117	0.00234477416158218	0.0463456884641878
ENSMUSG00000035112	Wnk4	65.9889439750801	-2.67697430006462	0.880465838070215	-3.04040677595391	0.00236258819236775	0.0465662460298804
ENSMUSG00000059430	Actg2	34.3250549060932	3.88859477278557	1.2792993232115	3.03962857028941	0.00236870075418736	0.0466062293220452
ENSMUSG00000000983	Wfdc18	63.539291277911	2.74617301040597	0.904060562884989	3.03759850074925	0.00238471452903265	0.0468405545702593
ENSMUSG00000029657	Hsph1	766.057163256056	-1.76669142358632	0.581724580195631	-3.03698946843915	0.00238953804309355	0.0468546531748858
ENSMUSG00000036880	Acaa2	275.200958184317	1.93779680354561	0.638478875502027	3.03502101306319	0.00240518928868276	0.04708065207967
ENSMUSG00000038170	Pde4dip	254.579547256668	-1.93824789232059	0.638844867058389	-3.03398836284841	0.00241343739356045	0.0471612115330683
ENSMUSG00000079435	Rpl36a	613.56843739827	1.76586138545928	0.583468944026429	3.02648736241786	0.00247413163103306	0.0479224417530813
ENSMUSG00000042677	Zc3h12a	153.308361862726	2.1773781123963	0.719470279022103	3.02636283371673	0.0024751509354352	0.0479224417530813
ENSMUSG00000046447	Camk2n1	240.703158890292	-1.95062256765077	0.644247861043094	-3.0277517173166	0.00246380423527717	0.0479224417530813
ENSMUSG00000042010	Acacb	72.2281054106304	2.71534575478097	0.8967037564428	3.02814138478986	0.00246062934750688	0.0479224417530813
ENSMUSG00000054342	Kcnn4	100.265321889504	2.40779877795523	0.795665882325484	3.02614304752893	0.00247695088821951	0.0479224417530813
ENSMUSG00000046718	Bst2	105.120101999915	2.33730570242678	0.772391053549976	3.02606521875716	0.00247758855891325	0.0479224417530813
ENSMUSG00000026748	Plxdc2	73.5756080180913	3.24185808557378	1.07175386785744	3.02481584886149	0.00248784554030946	0.0480394133773461
ENSMUSG00000046402	Rbp1	91.9594549855952	3.256760631123	1.07753775026202	3.02240977667008	0.00250770825402308	0.0483411597887016
ENSMUSG00000037805	Rpl10a	1291.80562986418	1.69512794620423	0.561219303860891	3.02043770508721	0.00252409624956698	0.0485750192243817
ENSMUSG00000035385	Ccl2	224.101105412897	6.66294500977611	2.20727023220853	3.01863583015359	0.00253915548768873	0.0487825630058987
ENSMUSG00000026656	Fcgr2b	42.1264993937795	4.24733379660268	1.40863386841973	3.01521487721117	0.00256797255228904	0.0492532819608782
ENSMUSG00000004698	Hdac9	45.0610350172605	-3.03122565456614	1.00642278909675	-3.01188097825827	0.00259634375348966	0.0497138840852752
ENSMUSG00000022587	Ly6e	1471.97838567352	1.68276103166224	0.559107778414262	3.00972566762508	0.00261483748839827	0.0499841296777237
