	mlog10Padj	mlog10p	Enrichment	BackgroundProporition	nBackground	BackgroundFrequency	CompareProportion	nCompare	CompareFrequency	feature
JUNB_139	322.728457490561	323.6827	2.77990062881473	0.13548322043065	218182	29560	0.376629889669007	3988	1502	JUNB_139
JUND_124	315.277257490561	316.2315	2.8051286719915	0.130331558057035	218182	28436	0.365596790371113	3988	1458	JUND_124
FOSL2_105	312.127757490561	313.082	2.81192204357584	0.128589892841756	218182	28056	0.361584754262788	3988	1442	FOSL2_105
FOSL1_142	308.379757490561	309.334	2.73984662369957	0.134992804172663	218182	29453	0.369859578736209	3988	1475	FOSL1_142
SMARCC1_651	307.228857490561	308.1831	2.70146500126431	0.138952800872666	218182	30317	0.375376128385155	3988	1497	SMARCC1_651
JUN_143	301.699857490561	302.6541	2.74201455913204	0.132416972985856	218182	28891	0.36308926780341	3988	1448	JUN_143
FOS_137	272.057457490561	273.0117	2.60356852302276	0.137339468883776	218182	29965	0.357572718154463	3988	1426	FOS_137
BACH1_130	240.335057490561	241.2893	2.69888821246208	0.114092821589315	218182	24893	0.307923771313942	3988	1228	BACH1_130
BACH2_113	226.121257490561	227.0755	2.81749854549851	0.0979870016774986	218182	21379	0.276078234704112	3988	1101	BACH2_113
FOSB_121	191.110957490561	192.0652	2.51076363174121	0.112254906454245	218182	24492	0.281845536609829	3988	1124	FOSB_121
JDP2_125	178.739057490561	179.6933	2.68976387277284	0.0894024254979787	218182	19506	0.240471414242728	3988	959	JDP2_125
NFE2_119	88.3258574905607	89.2801	2.03062832301342	0.104715329403892	218182	22847	0.212637913741224	3988	848	NFE2_119
NFE2L2_115	48.0524574905607	49.0067	1.75112073066029	0.10209824825146	218182	22276	0.178786359077232	3988	713	NFE2L2_115
BATF_129	47.1881574905607	48.1424	1.82962578755645	0.0853828455142954	218182	18629	0.156218655967904	3988	623	BATF_129
MAFK_149	32.8401574905607	33.7944	1.61777126579153	0.100439082967431	218182	21914	0.162487462387161	3988	648	MAFK_149
MAFF_147	31.4836574905607	32.4379	1.64908402487438	0.0891045090795758	218182	19441	0.146940822467402	3988	586	MAFF_147
IRF4_632	17.0064574905607	17.9607	1.39591515651824	0.117479902100082	218182	25632	0.163991975927783	3988	654	IRF4_632
MAFG_148	15.6960574905607	16.6503	1.63136769628384	0.0490324591396174	218182	10698	0.0799899699097292	3988	319	MAFG_148
TGIF2LX_492	12.8706574905607	13.8249	1.52253962762002	0.0566545361212199	218182	12361	0.086258776328987	3988	344	TGIF2LX_492
TGIF2LY_538	12.8706574905607	13.8249	1.52253962762002	0.0566545361212199	218182	12361	0.086258776328987	3988	344	TGIF2LY_538
CREM_108	12.0330574905607	12.9873	1.61130246550431	0.0403057997451669	218182	8794	0.0649448345035105	3988	259	CREM_108
CIC_749	10.8094574905607	11.7637	1.38894781123059	0.0806986827510977	218182	17607	0.112086258776329	3988	447	CIC_749
MAF_144	8.54675749056067	9.501	1.41773332474429	0.0573053689121926	218182	12503	0.0812437311935807	3988	324	MAF_144
FOXA1_357	8.54345749056067	9.4977	1.24085096275591	0.14751904373413	218182	32186	0.183049147442327	3988	730	FOXA1_357
NFIC_740	7.80125749056067	8.7555	1.16305756560937	0.251171040690799	218182	54801	0.292126379137412	3988	1165	NFIC_740
MAFB_150	7.79905749056067	8.7533	1.38339601733306	0.0612653656121953	218182	13367	0.0847542627883651	3988	338	MAFB_150
TGIF2_441	7.51715749056067	8.4714	1.41041165092761	0.052447039627467	218182	11443	0.0739719157472417	3988	295	TGIF2_441
TERF2_649	7.04115749056067	7.9954	1.52079510091214	0.0321520565399529	218182	7015	0.0488966900702106	3988	195	TERF2_649
TLX1_425	6.73145749056067	7.6857	1.44455945594672	0.0409657991951673	218182	8938	0.0591775325977934	3988	236	TLX1_425
TLX3_505	6.73145749056067	7.6857	1.44455945594672	0.0409657991951673	218182	8938	0.0591775325977934	3988	236	TLX3_505
PKNOX1_497	6.64415749056067	7.5984	1.32738115987306	0.0698957750868541	218182	15250	0.092778335005015	3988	370	PKNOX1_497
TFAP4_23	5.86935749056067	6.8236	1.21085446967186	0.133778221851482	218182	29188	0.161985957873621	3988	646	TFAP4_23
ELF5_334	5.84425749056067	6.7985	1.30593254487155	0.0700836915969237	218182	15291	0.0915245737211635	3988	365	ELF5_334
NR1D1_673	5.65225749056067	6.6065	1.30373741206312	0.0688553592872006	218182	15023	0.0897693079237713	3988	358	NR1D1_673
MITF_91	5.07495749056068	6.0292	1.29871018101353	0.064294946420878	218182	14028	0.0835005015045135	3988	333	MITF_91
CREB3L3_104	5.00195749056067	5.9562	1.44838969375032	0.0304699746083545	218182	6648	0.0441323971915747	3988	176	CREB3L3_104
CREB3_111	5.00195749056067	5.9562	1.44838969375032	0.0304699746083545	218182	6648	0.0441323971915747	3988	176	CREB3_111
CREB3L4_126	5.00195749056067	5.9562	1.44838969375032	0.0304699746083545	218182	6648	0.0441323971915747	3988	176	CREB3L4_126
FOXA2_355	4.91945749056068	5.8737	1.16452651145217	0.173552355373037	218182	37866	0.202106318956871	3988	806	FOXA2_355
RFX5_727	4.80005749056067	5.7543	1.23435310571065	0.093852838455968	218182	20477	0.115847542627884	3988	462	RFX5_727
TFEB_32	4.79395749056067	5.7482	1.4152252537053	0.0336645552795373	218182	7345	0.0476429287863591	3988	190	TFEB_32
SOX1_770	4.65585749056067	5.6101	1.23494300101898	0.0909653408622159	218182	19847	0.112337011033099	3988	448	SOX1_770
NFIX_738	4.47555749056067	5.4298	1.2450775286074	0.0815649320292233	218182	17796	0.101554663991976	3988	405	NFIX_738
NRL_123	4.47055749056068	5.4248	1.26081216963292	0.0729895225087312	218182	15925	0.0920260782347041	3988	367	NRL_123
OSR2_227	4.35585749056068	5.3101	1.39030589640128	0.0344483046264128	218182	7516	0.0478936810431294	3988	191	OSR2_227
RORA_658	4.30115749056067	5.2554	1.30096840390932	0.0545462045448295	218182	11901	0.070962888665998	3988	283	RORA_658
FOXP3_348	4.28775749056067	5.242	1.21261556835078	0.100704916079237	218182	21972	0.122116349047141	3988	487	FOXP3_348
FOXD4L3_832	4.28775749056067	5.242	1.21261556835078	0.100704916079237	218182	21972	0.122116349047141	3988	487	FOXD4L3_832
FOXD4L5_833	4.28775749056067	5.242	1.21261556835078	0.100704916079237	218182	21972	0.122116349047141	3988	487	FOXD4L5_833
FOXD4L6_834	4.28775749056067	5.242	1.21261556835078	0.100704916079237	218182	21972	0.122116349047141	3988	487	FOXD4L6_834
FOXD4L4_856	4.28775749056067	5.242	1.21261556835078	0.100704916079237	218182	21972	0.122116349047141	3988	487	FOXD4L4_856
FOXD4L2_857	4.28775749056067	5.242	1.21261556835078	0.100704916079237	218182	21972	0.122116349047141	3988	487	FOXD4L2_857
TFCP2_392	3.95425749056068	4.9085	1.23878277939125	0.0765141029049142	218182	16694	0.0947843530591775	3988	378	TFCP2_392
PKNOX2_513	3.81635749056068	4.7706	1.24182832386893	0.072489939591717	218182	15816	0.0900200601805416	3988	359	PKNOX2_513
CREB1_117	3.69925749056068	4.6535	1.53433658136907	0.0166695694420255	218182	3637	0.0255767301905717	3988	102	CREB1_117
DLX4_429	3.32235749056068	4.2766	1.33594106126667	0.0352870539274551	218182	7699	0.0471414242728185	3988	188	DLX4_429
DLX2_438	3.32235749056068	4.2766	1.33594106126667	0.0352870539274551	218182	7699	0.0471414242728185	3988	188	DLX2_438
FERD3L_58	3.05185749056068	4.0061	1.18020771638499	0.100283249763959	218182	21880	0.118355065195587	3988	472	FERD3L_58
FOXP2_356	2.94125749056068	3.8955	1.15933202458202	0.1202573997855	218182	26238	0.139418254764293	3988	556	FOXP2_356
FOXF2_359	2.93435749056068	3.8886	1.19853568437271	0.0818032651639457	218182	17848	0.0980441323971916	3988	391	FOXF2_359
RORB_865	2.77245749056068	3.7267	1.2597955820452	0.0479691266923944	218182	10466	0.0604312938816449	3988	241	RORB_865
RORC_681	2.69445749056068	3.6487	1.24179709621514	0.0533087055760787	218182	11631	0.0661985957873621	3988	264	RORC_681
USF2_26	2.68665749056068	3.6409	1.27327656928333	0.0425378812184323	218182	9281	0.0541624874623872	3988	216	USF2_26
RFX7_728	2.44745749056068	3.4017	1.19491149442249	0.0723982730014392	218182	15796	0.0865095285857573	3988	345	RFX7_728
RFX2_724	2.43015749056068	3.3844	1.1803685877377	0.0826374311354741	218182	18030	0.097542627883651	3988	389	RFX2_724
FOXD4_830	2.38365749056068	3.3379	1.15781125957512	0.102872830939308	218182	22445	0.119107321965898	3988	475	FOXD4_830
FOXD4L1_831	2.38365749056068	3.3379	1.15781125957512	0.102872830939308	218182	22445	0.119107321965898	3988	475	FOXD4L1_831
FOXJ1_853	2.38365749056068	3.3379	1.15781125957512	0.102872830939308	218182	22445	0.119107321965898	3988	475	FOXJ1_853
STAT3_777	2.37755749056068	3.3318	1.16034745194128	0.099838666801111	218182	21783	0.115847542627884	3988	462	STAT3_777
NKX24_457	2.31685749056068	3.2711	1.2377273455347	0.0482166264861446	218182	10520	0.059679037111334	3988	238	NKX24_457
PPARG_676	2.30435749056068	3.2586	1.2382729852548	0.0477903768413526	218182	10427	0.0591775325977934	3988	236	PPARG_676
E2F8_314	2.23305749056068	3.1873	1.23436638788258	0.0479416267153111	218182	10460	0.0591775325977934	3988	236	E2F8_314
ZNF384_202	2.21605749056068	3.1703	1.17799680710847	0.0783336847219294	218182	17091	0.0922768304914744	3988	368	ZNF384_202
NFYC_800	2.15145749056068	3.1057	1.20941703728549	0.0570166191528174	218182	12440	0.0689568706118355	3988	275	NFYC_800
TFCP2L1_858	2.12295749056068	3.0772	1.17592243539787	0.0771924356729703	218182	16842	0.0907723169508526	3988	362	TFCP2L1_858
ETV6_335	2.10075749056068	3.055	1.19463634402705	0.0638091134924054	218182	13922	0.0762286860581745	3988	304	ETV6_335
SMAD1_744	2.08985749056068	3.0441	1.12521800625519	0.137719885233429	218182	30048	0.154964894684052	3988	618	SMAD1_744
DBX2_554	1.92485749056068	2.8791	1.20913241617959	0.0520528732892723	218182	11357	0.062938816449348	3988	251	DBX2_554
STAT1_773	1.90985749056068	2.8641	1.14957389760391	0.0944486712927739	218182	20607	0.108575727181545	3988	433	STAT1_773
ZNF589_225	1.84205749056068	2.7963	1.25905467858836	0.0338570551191207	218182	7387	0.0426278836509529	3988	170	ZNF589_225
NR1H4_655	1.82465749056068	2.7789	1.20507931111925	0.0516037069969108	218182	11259	0.0621865596790371	3988	248	NR1H4_655
NFYB_807	1.78865749056068	2.7429	1.19734878034778	0.0544499546250378	218182	11880	0.0651955867602808	3988	260	NFYB_807
PPARD_664	1.76595749056068	2.7202	1.15769510266774	0.0807903493413756	218182	17627	0.093530591775326	3988	373	PPARD_664
FOXP1_353	1.71075749056068	2.665	1.14596930213474	0.09036950802541	218182	19717	0.103560682046138	3988	413	FOXP1_353
FOXP4_358	1.71075749056068	2.665	1.14596930213474	0.09036950802541	218182	19717	0.103560682046138	3988	413	FOXP4_358
ELF3_342	1.69315749056068	2.6474	1.20788180363692	0.0473320438899634	218182	10327	0.0571715145436309	3988	228	ELF3_342
TFEC_27	1.64215749056068	2.5964	1.24017941129087	0.0353833038472468	218182	7720	0.0438816449348044	3988	175	TFEC_27
FOXK2_360	1.60035749056068	2.5546	1.16720835945229	0.0672420272983106	218182	14671	0.0784854563691073	3988	313	FOXK2_360
FOXJ3_378	1.60035749056068	2.5546	1.16720835945229	0.0672420272983106	218182	14671	0.0784854563691073	3988	313	FOXJ3_378
NR1D2_841	1.51005749056068	2.4643	1.20483363863302	0.0443299630583641	218182	9672	0.0534102306920762	3988	213	NR1D2_841
FOXO3_354	1.47565749056068	2.4299	1.17818272502474	0.0561870365108029	218182	12259	0.0661985957873621	3988	264	FOXO3_354
FOXO1_361	1.47565749056068	2.4299	1.17818272502474	0.0561870365108029	218182	12259	0.0661985957873621	3988	264	FOXO1_361
FOXG1_368	1.47565749056068	2.4299	1.17818272502474	0.0561870365108029	218182	12259	0.0661985957873621	3988	264	FOXG1_368
FOXE3_376	1.47565749056068	2.4299	1.17818272502474	0.0561870365108029	218182	12259	0.0661985957873621	3988	264	FOXE3_376
FOXD1_382	1.47565749056068	2.4299	1.17818272502474	0.0561870365108029	218182	12259	0.0661985957873621	3988	264	FOXD1_382
OSR1_212	1.41455749056068	2.3688	1.21128329638362	0.039746633544472	218182	8672	0.0481444332998997	3988	192	OSR1_212
BATF3_120	1.37095749056068	2.3252	1.27088684562492	0.0244658129451559	218182	5338	0.0310932798395186	3988	124	BATF3_120
ARID5A_9	1.33525749056068	2.2895	1.13346306576945	0.0876057603285331	218182	19114	0.0992978936810431	3988	396	ARID5A_9
ATF3_132	1.24805749056068	2.2023	1.22825725893749	0.0312353906371745	218182	6815	0.0383650952858576	3988	153	ATF3_132
PRDM1_163	1.23905749056068	2.1933	1.08510795301032	0.178859850950124	218182	39024	0.194082246740221	3988	774	PRDM1_163
TCF15_46	1.23075749056068	2.185	1.13790354684133	0.0777882685097762	218182	16972	0.0885155466399198	3988	353	TCF15_46
SCXB_93	1.23075749056068	2.185	1.13790354684133	0.0777882685097762	218182	16972	0.0885155466399198	3988	353	SCXB_93
SCXA_96	1.23075749056068	2.185	1.13790354684133	0.0777882685097762	218182	16972	0.0885155466399198	3988	353	SCXA_96
CREB5_127	1.22235749056068	2.1766	1.23741701524207	0.0285724761896032	218182	6234	0.0353560682046138	3988	141	CREB5_127
CR7538031_135	1.16455749056068	2.1188	1.34136062978081	0.0140204049829958	218182	3059	0.0188064192577733	3988	75	CR7538031_135
ATF6B_151	1.16455749056068	2.1188	1.34136062978081	0.0140204049829958	218182	3059	0.0188064192577733	3988	75	ATF6B_151
CR9257962_153	1.16455749056068	2.1188	1.34136062978081	0.0140204049829958	218182	3059	0.0188064192577733	3988	75	CR9257962_153
AL6628286_154	1.16455749056068	2.1188	1.34136062978081	0.0140204049829958	218182	3059	0.0188064192577733	3988	75	AL6628286_154
RFX8_730	1.13805749056068	2.0923	1.14740442031281	0.0651245290628924	218182	14209	0.0747241725175527	3988	298	RFX8_730
FOXD3_377	1.12605749056068	2.0803	1.08602084049979	0.165086945760879	218182	36019	0.179287863590772	3988	715	FOXD3_377
NKX26_544	1.11565749056068	2.0699	1.16254459743799	0.0537074552437873	218182	11718	0.0624373119358074	3988	249	NKX26_544
EHF_333	1.11315749056068	2.0674	1.17614320075344	0.0462641281132266	218182	10094	0.0544132397191575	3988	217	EHF_333
ATF6_116	1.10515749056068	2.0594	1.19612938170762	0.0377345518878734	218182	8233	0.045135406218656	3988	180	ATF6_116
PBX3_518	1.09075749056068	2.045	1.15871722309787	0.0551832873472605	218182	12040	0.0639418254764293	3988	255	PBX3_518
CREB3L1_131	1.04545749056068	1.9997	1.21763563907378	0.0298603917830068	218182	6515	0.0363590772316951	3988	145	CREB3L1_131
SPIB_336	0.964657490560675	1.9189	1.10947644083115	0.0987661676948603	218182	21549	0.109578736208626	3988	437	SPIB_336
HOXB6_427	0.960257490560675	1.9145	1.14358206397441	0.0605182829014309	218182	13204	0.0692076228686058	3988	276	HOXB6_427
NR3C1_666	0.955957490560675	1.9102	1.1323187534834	0.0699782750181041	218182	15268	0.0792377131394183	3988	316	NR3C1_666
PAX3_608	0.945757490560675	1.9	1.33586219257105	0.0123887396760503	218182	2703	0.0165496489468405	3988	66	PAX3_608
SRF_641	0.935057490560675	1.8893	1.14744464180459	0.0565995361670532	218182	12349	0.0649448345035105	3988	259	SRF_641
FOXN3_829	0.892857490560675	1.8471	1.10430308598713	0.10218074818271	218182	22294	0.11283851554664	3988	450	FOXN3_829
FOXN2_854	0.892857490560675	1.8471	1.10430308598713	0.10218074818271	218182	22294	0.11283851554664	3988	450	FOXN2_854
FOXL2_855	0.892857490560675	1.8471	1.10430308598713	0.10218074818271	218182	22294	0.11283851554664	3988	450	FOXL2_855
USF1_60	0.864757490560675	1.819	1.16295883955007	0.044632462806281	218182	9738	0.0519057171514544	3988	207	USF1_60
HMG20B_748	0.863757490560675	1.818	1.1045080285695	0.0996645002795831	218182	21745	0.110080240722167	3988	439	HMG20B_748
YBX2_827	0.812457490560675	1.7667	1.17662429107312	0.0368683026097478	218182	8044	0.0433801404212638	3988	173	YBX2_827
CSDA_828	0.812457490560675	1.7667	1.17662429107312	0.0368683026097478	218182	8044	0.0433801404212638	3988	173	CSDA_828
ZBTB12_280	0.794157490560675	1.7484	1.17216104258853	0.0380783016014153	218182	8308	0.0446339017051153	3988	178	ZBTB12_280
AL8448538_281	0.794157490560675	1.7484	1.17216104258853	0.0380783016014153	218182	8308	0.0446339017051153	3988	178	AL8448538_281
CR7597843_285	0.794157490560675	1.7484	1.17216104258853	0.0380783016014153	218182	8308	0.0446339017051153	3988	178	CR7597843_285
CR3882194_286	0.794157490560675	1.7484	1.17216104258853	0.0380783016014153	218182	8308	0.0446339017051153	3988	178	CR3882194_286
AL66283413_287	0.794157490560675	1.7484	1.17216104258853	0.0380783016014153	218182	8308	0.0446339017051153	3988	178	AL66283413_287
CEBPZ_806	0.771357490560675	1.7256	1.13893651213865	0.0554812037656635	218182	12105	0.0631895687061184	3988	252	CEBPZ_806
ARID2_11	0.726657490560675	1.6809	1.16376404582806	0.0394303838080135	218182	8603	0.0458876629889669	3988	183	ARID2_11
ZNF683_253	0.703357490560675	1.6576	1.07983065099853	0.140025299978917	218182	30551	0.151203610832498	3988	603	ZNF683_253
ESR1_661	0.682757490560675	1.637	1.10639904546304	0.083402847164294	218182	18197	0.0922768304914744	3988	368	ESR1_661
NR2F6_687	0.654957490560675	1.6092	1.12600536882261	0.0599041167465694	218182	13070	0.0674523570712136	3988	269	NR2F6_687
ZFP42_848	0.652257490560675	1.6065	1.12317781158044	0.0622874480937933	218182	13590	0.0699598796389168	3988	279	ZFP42_848
NR2F1_692	0.634257490560675	1.5885	1.11384448359017	0.0706886910927574	218182	15423	0.0787362086258776	3988	314	NR2F1_692
FOXS1_372	0.613457490560675	1.5677	1.07319599054646	0.150236958135868	218182	32779	0.16123370110331	3988	643	FOXS1_372
ATF1_118	0.613157490560675	1.5674	1.24012337486894	0.0173891521757065	218182	3794	0.0215646940822467	3988	86	ATF1_118
NFATC3_713	0.605957490560675	1.5602	1.09635287897255	0.0928582559514534	218182	20260	0.101805416248746	3988	406	NFATC3_713
ZBTB6_271	0.603857490560675	1.5581	1.11970587590562	0.0627045310795574	218182	13681	0.0702106318956871	3988	280	ZBTB6_271
NFYA_288	0.565857490560675	1.5201	1.13268377870879	0.0500316249736459	218182	10916	0.0566700100300903	3988	226	NFYA_288
FOXA3_366	0.532257490560675	1.4865	1.06218965429877	0.182719014400821	218182	39866	0.194082246740221	3988	774	FOXA3_366
RFX6_729	0.511757490560675	1.466	1.08409606077236	0.1077861601782	218182	23517	0.116850551654965	3988	466	RFX6_729
THAP1_798	0.487657490560675	1.4419	1.09562946883987	0.0837649301958915	218182	18276	0.0917753259779338	3988	366	THAP1_798
SMAD9_867	0.482757490560675	1.437	1.11010669468498	0.0646020294983087	218182	14095	0.0717151454363089	3988	286	SMAD9_867
TFE3_18	0.470457490560675	1.4247	1.1665526554943	0.0296633086139095	218182	6472	0.0346038114343029	3988	138	TFE3_18
E4F1_234	0.462857490560675	1.4171	1.29957665264074	0.00984040846632628	218182	2147	0.0127883650952859	3988	51	E4F1_234
BARHL1_456	0.439757490560675	1.394	1.14181129895081	0.0386512177906518	218182	8433	0.0441323971915747	3988	176	BARHL1_456
FOXB2_380	0.431657490560675	1.3859	1.06965976670168	0.137371552190373	218182	29972	0.146940822467402	3988	586	FOXB2_380
ETV7_321	0.426457490560675	1.3807	1.09687747184338	0.0765828528476226	218182	16709	0.0840020060180542	3988	335	ETV7_321
SNAI3_268	0.402957490560675	1.3572	1.10092852197952	0.0692403589663675	218182	15107	0.0762286860581745	3988	304	SNAI3_268
RXRA_695	0.391257490560675	1.3455	1.10841373508906	0.0599499500417083	218182	13080	0.0664493480441324	3988	265	RXRA_695
TBX5_781	0.362257490560675	1.3165	1.10379075823963	0.0626999477500435	218182	13680	0.0692076228686058	3988	276	TBX5_781
TBX4_784	0.362257490560675	1.3165	1.10379075823963	0.0626999477500435	218182	13680	0.0692076228686058	3988	276	TBX4_784
VDR_663	0.326857490560675	1.2811	1.12618090777314	0.0418595484503763	218182	9133	0.0471414242728185	3988	188	VDR_663
TP53_706	0.314157490560675	1.2684	1.13711881292097	0.0352824705979412	218182	7698	0.0401203610832497	3988	160	TP53_706
ATF7_138	0.289057490560675	1.2433	1.17242971444728	0.0222428981309182	218182	4853	0.0260782347041123	3988	104	ATF7_138
HOXB8_444	0.286857490560675	1.2411	1.09699341197654	0.0644599462833781	218182	14064	0.0707121364092277	3988	282	HOXB8_444
NFE2L1_106	0.271757490560675	1.226	1.10370417468578	0.0558891200923999	218182	12194	0.0616850551654965	3988	246	NFE2L1_106
NFE2L3_845	0.271757490560675	1.226	1.10370417468578	0.0558891200923999	218182	12194	0.0616850551654965	3988	246	NFE2L3_845
XBP1_109	0.266057490560675	1.2203	1.17951952186836	0.0199833166805694	218182	4360	0.0235707121364092	3988	94	XBP1_109
DMRT3_304	0.265157490560675	1.2194	1.12147161706727	0.0413645488628759	218182	9025	0.0463891675025075	3988	185	DMRT3_304
IRX2_527	0.260257490560675	1.2145	1.12614362954829	0.0382983014180822	218182	8356	0.0431293881644935	3988	172	IRX2_527
NR1I3_680	0.250957490560675	1.2052	1.09225410628178	0.06726494394588	218182	14676	0.0734704112337011	3988	293	NR1I3_680
HES1_34	0.247757490560675	1.202	1.10548672785326	0.0523966230028142	218182	11432	0.0579237713139418	3988	231	HES1_34
NFATC1_720	0.232957490560675	1.1872	1.08018577320157	0.0844982629181142	218182	18436	0.0912738214643932	3988	364	NFATC1_720
FOXJ2_350	0.218757490560675	1.173	1.05142973095735	0.177672768606026	218182	38765	0.186810431293882	3988	745	FOXJ2_350
GMEB1_737	0.215857490560675	1.1701	1.36647546710437	0.00495457920451733	218182	1081	0.00677031093279839	3988	27	GMEB1_737
KLF9_192	0.205057490560675	1.1593	1.35443820409061	0.00518374568021193	218182	1131	0.00702106318956871	3988	28	KLF9_192
NAIF1_637	0.177257490560675	1.1315	1.29995723763279	0.00675124437396302	218182	1473	0.00877632898696088	3988	35	NAIF1_637
PGR_660	0.137857490560675	1.0921	1.08075245109775	0.0723891063424114	218182	15794	0.078234704112337	3988	312	PGR_660
ELF2_326	0.112057490560675	1.0663	1.05625141673496	0.131518640401133	218182	28695	0.138916750250752	3988	554	ELF2_326
HSF1_627	0.103657490560675	1.0579	1.09498175377195	0.0508382909680909	218182	11092	0.055667001003009	3988	222	HSF1_627
MEIS2_471	0.0947574905606751	1.049	1.10195766803646	0.0439174634021138	218182	9582	0.04839518555667	3988	193	MEIS2_471
HNF4A_662	0.0813574905606752	1.0356	1.06702694281162	0.0921203398997168	218182	20099	0.0982948846539619	3988	392	HNF4A_662
ARNTL_50	0.0721574905606751	1.0264	1.15298198904263	0.019790816840986	218182	4318	0.0228184553660983	3988	91	ARNTL_50
TBX3_785	0.0644574905606751	1.0187	1.0725477880349	0.0776186853177622	218182	16935	0.0832497492477432	3988	332	TBX3_785
MLX_29	0.0583574905606751	1.0126	1.15787574363302	0.0181912348406376	218182	3969	0.0210631895687061	3988	84	MLX_29
RHOXF1_409	0.056657490560675	1.0109	1.15650794711915	0.01842956797536	218182	4021	0.0213139418254764	3988	85	RHOXF1_409
ESR2_678	0.046557490560675	1.0008	1.07171274933257	0.0767432693806089	218182	16744	0.082246740220662	3988	328	ESR2_678
TBR1_786	0.0415574905606751	0.9958	1.08370510893703	0.0573832855139287	218182	12520	0.0621865596790371	3988	248	TBR1_786
FOXC2_370	0.0364574905606752	0.9907	1.07094523005637	0.0767982693347756	218182	16756	0.082246740220662	3988	328	FOXC2_370
STAT5B_779	0.0198574905606751	0.9741	1.0787240814706	0.0615999486667094	218182	13440	0.0664493480441324	3988	265	STAT5B_779
ENSG00000234254_595	0.0180574905606752	0.9723	1.07462695591516	0.0676682769431026	218182	14764	0.0727181544633902	3988	290	ENSG00000234254_595
SMARCC2_650	0.0101574905606752	0.9644	1.07382314892878	0.0679524433729639	218182	14826	0.0729689067201605	3988	291	SMARCC2_650
SNAI2_161	0.00535749056067514	0.9596	1.06221657366013	0.0915932570056192	218182	19984	0.0972918756268806	3988	388	SNAI2_161
ELF4_323	0.000557490560675111	0.9548	1.09248556903159	0.0440687132760723	218182	9615	0.0481444332998997	3988	192	ELF4_323
TFAP2B_1	0	0.0111	0.894026243891032	0.0734845220962316	218182	16033	0.0656970912738215	3988	262	TFAP2B_1
TFAP2D_2	0	0	0.768817871431106	0.164381113015739	218182	35865	0.126379137412237	3988	504	TFAP2D_2
TFAP2C_3	0	0.0467	0.953519262996241	0.150159041534132	218182	32762	0.143179538615848	3988	571	TFAP2C_3
TFAP2E_4	0	0.0192	0.901848710003122	0.0661741115215737	218182	14438	0.059679037111334	3988	238	TFAP2E_4
TFAP2A_5	0	0.0057	0.885178294525804	0.0804511829573475	218182	17553	0.0712136409227683	3988	284	TFAP2A_5
ARID3A_6	0	1e-04	0.905367391830791	0.250373541355382	218182	54627	0.226680040120361	3988	904	ARID3A_6
ARID5B_7	0	0.0027	0.819956148941299	0.0418962150864874	218182	9141	0.0343530591775326	3988	137	ARID5B_7
ARID3B_8	0	0	0.686589878606537	0.0887470093774922	218182	19363	0.0609327983951856	3988	243	ARID3B_8
ARID3C_10	0	0	0.757972461115642	0.10354658037785	218182	22592	0.0784854563691073	3988	313	ARID3C_10
HMGA1_12	0	0	0.827986418128845	0.132343639713634	218182	28875	0.109578736208626	3988	437	HMGA1_12
HMGA2_13	0	0.0081	0.840019066610431	0.0370149691541924	218182	8076	0.0310932798395186	3988	124	HMGA2_13
MAX_14	0	0.2754	0.996346265038403	0.0392608006159995	218182	8566	0.0391173520561685	3988	156	MAX_14
MLXIPL_15	0	0.8201	1.1281808097223	0.0175587353677205	218182	3831	0.0198094282848546	3988	79	MLXIPL_15
ARNTL2_16	0	0.4835	1.04665301106251	0.0256345619711984	218182	5593	0.0268304914744233	3988	107	ARNTL2_16
AHRR_17	0	0.4217	1.02592212368438	0.0403287163927363	218182	8799	0.0413741223671013	3988	165	AHRR_17
HES2_19	0	0.1156	0.934718206222573	0.0262899780916849	218182	5736	0.0245737211634905	3988	98	HES2_19
MNT_20	0	0.0617	0.903651255796649	0.0291362257198119	218182	6357	0.0263289869608826	3988	105	MNT_20
TCF3_21	0	0.0893	0.957123689480392	0.0914328404726329	218182	19949	0.0875125376128385	3988	349	TCF3_21
SREBF1_22	0	0.0968	0.949380417977672	0.0594274504771246	218182	12966	0.05641925777332	3988	225	SREBF1_22
HIF1A_24	0	0.0208	0.839072157259976	0.0236087303260581	218182	5151	0.0198094282848546	3988	79	HIF1A_24
TCFL5_25	0	0.026	0.834771332777676	0.0195249837291802	218182	4260	0.0162988966900702	3988	65	TCFL5_25
AHR_28	0	0.4217	1.02592212368438	0.0403287163927363	218182	8799	0.0413741223671013	3988	165	AHR_28
MYF6_30	0	0.0282	0.904951292700773	0.0565262028948309	218182	12333	0.0511534603811434	3988	204	MYF6_30
SIM1_31	0	0.0742	0.876642189485395	0.014015821653482	218182	3058	0.0122868605817452	3988	49	SIM1_31
HAND1_33	0	0.3449	1.00835327343088	0.0678882767597694	218182	14812	0.0684553660982949	3988	273	HAND1_33
ID2_35	0	0.1755	0.962605359638876	0.0268308109743242	218182	5854	0.025827482447342	3988	103	ID2_35
EPAS1_36	0	0	0.682670354600553	0.0940315883070098	218182	20516	0.0641925777331996	3988	256	EPAS1_36
MYCL1_37	0	0.7175	1.07906984703029	0.0318358068034943	218182	6946	0.0343530591775326	3988	137	MYCL1_37
ID3_38	0	0.0047	0.902166269380914	0.115069070775774	218182	25106	0.103811434302909	3988	414	ID3_38
TCF21_39	0	0.439	1.02264736593595	0.0625257812285156	218182	13642	0.0639418254764293	3988	255	TCF21_39
MXI1_40	0	0.806	1.07714261968893	0.0435324637229469	218182	9498	0.0468906720160481	3988	187	MXI1_40
MYOG_41	0	0.1458	0.979761651013792	0.153303205580662	218182	33448	0.150200601805416	3988	599	MYOG_41
TWIST1_42	0	0.0649	0.95182094807995	0.106168244859796	218182	23164	0.101053159478435	3988	403	TWIST1_42
NEUROG3_43	0	0	0.679116545266385	0.0276924769229359	218182	6042	0.0188064192577733	3988	75	NEUROG3_43
BHLHE41_44	0	0.0946	0.905015205702486	0.0171783190180675	218182	3748	0.0155466399197593	3988	62	BHLHE41_44
BHLHE23_45	0	9e-04	0.731935867901424	0.0243237297302252	218182	5307	0.0178034102306921	3988	71	BHLHE23_45
ID1_47	0	0.1755	0.962605359638876	0.0268308109743242	218182	5854	0.025827482447342	3988	103	ID1_47
MYOD1_48	0	5e-04	0.873669277517743	0.1202573997855	218182	26238	0.10506519558676	3988	419	MYOD1_48
NPAS1_49	0	0.0742	0.876642189485395	0.014015821653482	218182	3058	0.0122868605817452	3988	49	NPAS1_49
BHLHE40_51	0	0.1722	0.959456060052683	0.0243053964121697	218182	5303	0.0233199598796389	3988	93	BHLHE40_51
MYCN_52	0	0.0114	0.844624422333991	0.034141221548982	218182	7449	0.0288365095285858	3988	115	MYCN_52
CLOCK_53	0	0.0265	0.833342993196223	0.0189566508694576	218182	4136	0.0157973921765296	3988	63	CLOCK_53
HEY2_54	0	0.8503	1.11039839210445	0.0250662291114757	218182	5469	0.0278335005015045	3988	111	HEY2_54
MYC_55	0	0.0968	0.941836649188071	0.0452603789496842	218182	9875	0.0426278836509529	3988	170	MYC_55
TCF12_56	0	0.002	0.911531675930795	0.169729858558451	218182	37032	0.154714142427282	3988	617	TCF12_56
ARNT_57	0	0.0946	0.89982942247796	0.0153266538944551	218182	3344	0.0137913741223671	3988	55	ARNT_57
NPAS3_59	0	0.0742	0.876642189485395	0.014015821653482	218182	3058	0.0122868605817452	3988	49	NPAS3_59
SIM2_61	0	0.0742	0.876642189485395	0.014015821653482	218182	3058	0.0122868605817452	3988	49	SIM2_61
TAL1_62	0	0.032	0.92511554019049	0.0823990980007517	218182	17978	0.0762286860581745	3988	304	TAL1_62
NEUROD1_63	0	0.3938	1.01051301668833	0.132508639576134	218182	28911	0.133901705115346	3988	534	NEUROD1_63
TCF23_64	0	0.0011	0.756026411212177	0.0281920598399501	218182	6151	0.0213139418254764	3988	85	TCF23_64
HEYL_65	0	0.1409	0.949819945948958	0.0290399758000202	218182	6336	0.0275827482447342	3988	110	HEYL_65
HAND2_66	0	0.3449	1.00835327343088	0.0678882767597694	218182	14812	0.0684553660982949	3988	273	HAND2_66
EBF1_67	0	0.5336	1.02195754037827	0.140103216580653	218182	30568	0.143179538615848	3988	571	EBF1_67
HEY1_68	0	0.523	1.05159842311622	0.0283753930205058	218182	6191	0.029839518555667	3988	119	HEY1_68
MESP1_69	0	0	0.828971602864822	0.100425332978889	218182	21911	0.0832497492477432	3988	332	MESP1_69
PTF1A_70	0	0.7202	1.04098659615209	0.106227828143477	218182	23177	0.110581745235707	3988	441	PTF1A_70
ATOH8_71	0	0	0.842515356230171	0.11637073635772	218182	25390	0.0980441323971916	3988	391	ATOH8_71
NPAS2_72	0	0.0318	0.878775844234908	0.0322437231302307	218182	7035	0.0283350050150451	3988	113	NPAS2_72
NEUROD2_73	0	0.0016	0.739622184866768	0.0223758146868211	218182	4882	0.0165496489468405	3988	66	NEUROD2_73
NHLH1_74	0	0.1248	0.969392622615957	0.100622416147987	218182	21954	0.097542627883651	3988	389	NHLH1_74
ID4_75	0	0.0047	0.902166269380914	0.115069070775774	218182	25106	0.103811434302909	3988	414	ID4_75
ARNT2_76	0	1e-04	0.819675725624162	0.084127013227489	218182	18355	0.0689568706118355	3988	275	ARNT2_76
NPAS4_77	0	0.2475	0.982648674177873	0.00944165879861767	218182	2060	0.0092778335005015	3988	37	NPAS4_77
MLXIP_78	0	0.045	0.879833213089561	0.0250799791000174	218182	5472	0.0220661985957874	3988	88	MLXIP_78
OLIG3_79	0	0.001	0.759971947593659	0.030025391645507	218182	6551	0.0228184553660983	3988	91	OLIG3_79
NHLH2_80	0	0.5328	1.02475649133741	0.113538238718134	218182	24772	0.116349047141424	3988	464	NHLH2_80
NEUROG2_81	0	0.0667	0.916291130541844	0.0355758036868303	218182	7762	0.0325977933801404	3988	130	NEUROG2_81
MSC_82	0	0.5446	1.03195291740237	0.077756185203179	218182	16965	0.0802407221664995	3988	320	MSC_82
HES7_83	0	0.009	0.82905572683919	0.0311528907059244	218182	6797	0.025827482447342	3988	103	HES7_83
ATOH7_84	0	3e-04	0.738583877253474	0.0322528897892585	218182	7037	0.0238214643931795	3988	95	ATOH7_84
BHLHA15_85	0	7e-04	0.716960862425988	0.0227333143889047	218182	4960	0.0162988966900702	3988	65	BHLHA15_85
BHLHE22_86	0	1e-04	0.720384347950522	0.0316753902705081	218182	6911	0.0228184553660983	3988	91	BHLHE22_86
NEUROG1_87	0	0.01	0.826975968055323	0.0291087257427285	218182	6351	0.0240722166499498	3988	96	NEUROG1_87
FIGLA_88	0	0.0033	0.878609043340411	0.0850482624597813	218182	18556	0.0747241725175527	3988	298	FIGLA_88
ASCL2_89	0	0.0525	0.94039364202785	0.0871932606722828	218182	19024	0.0819959879638917	3988	327	ASCL2_89
OLIG1_90	0	0	0.653689919247045	0.023782896847586	218182	5189	0.0155466399197593	3988	62	OLIG1_90
ENSG00000187728_92	0	0.439	1.02264736593595	0.0625257812285156	218182	13642	0.0639418254764293	3988	255	ENSG00000187728_92
MESP2_94	0	0	0.828971602864822	0.100425332978889	218182	21911	0.0832497492477432	3988	332	MESP2_94
HES4_95	0	0.1053	0.930528955550995	0.0274862270948108	218182	5997	0.0255767301905717	3988	102	HES4_95
TCF4_97	0	0.0036	0.89658666173817	0.112429072975773	218182	24530	0.100802407221665	3988	402	TCF4_97
HES5_98	0	0.0563	0.898862781076246	0.0290124758229368	218182	6330	0.0260782347041123	3988	104	HES5_98
SREBF2_99	0	0.1325	0.962250769204696	0.0596749502708748	218182	13020	0.0574222668004012	3988	229	SREBF2_99
OLIG2_100	0	0.0011	0.751959364516614	0.0273441438798801	218182	5966	0.0205616850551655	3988	82	OLIG2_100
TWIST2_101	0	0.0721	0.926058787485781	0.0416991319173901	218182	9098	0.0386158475426279	3988	154	TWIST2_101
ENSG00000250811_102	0	0.0742	0.876642189485395	0.014015821653482	218182	3058	0.0122868605817452	3988	49	ENSG00000250811_102
MGA_103	0	0.7608	1.05933949954216	0.0620170316524736	218182	13531	0.0656970912738215	3988	262	MGA_103
CEBPE_107	0	0.2987	1.0047384451934	0.0154733204388996	218182	3376	0.0155466399197593	3988	62	CEBPE_107
DBP_110	0	0.4087	1.03626786137918	0.0188741509382076	218182	4118	0.0195586760280843	3988	78	DBP_110
HLF_112	0	0.3551	1.01707946214849	0.0271195607336994	218182	5917	0.0275827482447342	3988	110	HLF_112
ATF2_114	0	0.4603	1.10282336931918	0.00522957897535085	218182	1141	0.00576730190571715	3988	23	ATF2_114
ATF4_122	0	0.6614	1.06190573290611	0.04085121595732	218182	8913	0.0433801404212638	3988	173	ATF4_122
CEBPG_128	0	0.6286	1.08659947298224	0.019153734038555	218182	4179	0.0208124373119358	3988	83	CEBPG_128
NFIL3_133	0	0.2798	0.997331720990593	0.0314278904767579	218182	6857	0.0313440320962889	3988	125	NFIL3_133
TEF_134	0	0.8383	1.08958280433026	0.0359012200823166	218182	7833	0.0391173520561685	3988	156	TEF_134
ATF5_136	0	0.8609	1.04516217566874	0.130514891237591	218182	28476	0.136409227683049	3988	544	ATF5_136
CEBPB_140	0	0.1121	0.94427998911626	0.0385045512462073	218182	8401	0.0363590772316951	3988	145	CEBPB_140
DDIT3_141	0	2e-04	0.780909900145441	0.0491287090594091	218182	10719	0.0383650952858576	3988	153	DDIT3_141
CREB3L2_145	0	0.8116	1.09502847733422	0.0299978916684236	218182	6545	0.0328485456369107	3988	131	CREB3L2_145
MAFA_146	0	0.4468	1.01665884974421	0.116169069859108	218182	25346	0.118104312938816	3988	471	MAFA_146
CEBPD_152	0	0.1869	0.976376482212849	0.053932038389968	218182	11767	0.0526579739217653	3988	210	CEBPD_152
CEBPA_155	0	0.5621	1.03786277375316	0.0633003639163634	218182	13811	0.0656970912738215	3988	262	CEBPA_155
ENSG00000250542_156	0	0.4016	1.08166800088089	0.00440457966285028	218182	961	0.00476429287863591	3988	19	ENSG00000250542_156
ZEB1_157	0	0.0723	0.955140772969359	0.108161993198339	218182	23599	0.103309929789368	3988	412	ZEB1_157
ZFX_158	0	0	0.842133353350923	0.189969841691799	218182	41448	0.159979939819458	3988	638	ZFX_158
ZNF263_159	0	0	0.877126525476797	0.330476391269674	218182	72104	0.289869608826479	3988	1156	ZNF263_159
HIVEP2_160	0	0.8024	1.06827529025654	0.0539870383441347	218182	11779	0.0576730190571715	3988	230	HIVEP2_160
ZIC2_162	0	0.0053	0.86699861506832	0.0621820315149737	218182	13567	0.0539117352056169	3988	215	ZIC2_162
ZNF76_164	0	1e-04	0.838019539011439	0.0999395000504166	218182	21805	0.0837512537612839	3988	334	ZNF76_164
KLF6_165	0	0	0.69407595449123	0.131142807380994	218182	28613	0.0910230692076229	3988	363	KLF6_165
ZFY_166	0	0.0204	0.942162490856757	0.167937776718519	218182	36641	0.158224674022066	3988	631	ZFY_166
GLI2_167	0	0.1509	0.968384030568576	0.0616274486437928	218182	13446	0.059679037111334	3988	238	GLI2_167
REST_168	0	0.1355	0.971541845304776	0.0975607520327066	218182	21286	0.0947843530591775	3988	378	REST_168
MECOM_169	0	0.0925	0.946319154683579	0.0567049527458727	218182	12372	0.0536609829488465	3988	214	MECOM_169
HIVEP1_170	0	0.004	0.881117043933367	0.0842370131358224	218182	18379	0.074222668004012	3988	296	HIVEP1_170
MZF1_171	0	1e-04	0.839163912753776	0.103986580011183	218182	22688	0.0872617853560682	3988	348	MZF1_171
PATZ1_172	0	0	0.858922501292273	0.174579021184149	218182	38090	0.149949849548646	3988	598	PATZ1_172
YY1_173	0	0.1743	0.972967361922391	0.0538632884472596	218182	11752	0.052407221664995	3988	209	YY1_173
KLF8_174	0	0.0159	0.90551211093075	0.0780907682576931	218182	17038	0.0707121364092277	3988	282	KLF8_174
KLF5_175	0	0	0.80808875428027	0.248242293131422	218182	54162	0.200601805416249	3988	800	KLF5_175
ZNF423_176	0	0.0304	0.90054908517984	0.0492845422628814	218182	10753	0.044383149448345	3988	177	ZNF423_176
CTCF_177	0	0	0.78880096574199	0.193595255337287	218182	42239	0.152708124373119	3988	609	CTCF_177
MAZ_178	0	0	0.89138047324085	0.353603871996773	218182	77150	0.315195586760281	3988	1257	MAZ_178
KLF1_179	0	0	0.873065821063772	0.167442777131019	218182	36533	0.146188565697091	3988	583	KLF1_179
SP4_180	0	0	0.816301013468876	0.114885737595219	218182	25066	0.0937813440320963	3988	374	SP4_180
ZKSCAN1_181	0	1e-04	0.704631834786789	0.0298924750896041	218182	6522	0.0210631895687061	3988	84	ZKSCAN1_181
GLI3_182	0	0.923	1.07049405418875	0.0679295267253944	218182	14821	0.0727181544633902	3988	290	GLI3_182
GLIS3_183	0	0.7919	1.08209462539954	0.0373083022430815	218182	8140	0.0403711133400201	3988	161	GLIS3_183
KLF3_184	0	0.0017	0.869226446052015	0.0874086771594357	218182	19071	0.0759779338014042	3988	303	KLF3_184
PRDM4_185	0	0.0146	0.892392815680622	0.0632224473146272	218182	13794	0.05641925777332	3988	225	PRDM4_185
GLI1_186	0	0.1559	0.97366974003981	0.0803503497080419	218182	17531	0.078234704112337	3988	312	GLI1_186
BCL6_187	0	0.5852	1.03298092303655	0.091515340403883	218182	19967	0.0945336008024072	3988	377	BCL6_187
ZBTB47_188	0	0.0053	0.854912577102762	0.0525020395816337	218182	11455	0.0448846539618857	3988	179	ZBTB47_188
KLF7_189	0	0	0.746985197320631	0.115811570157025	218182	25268	0.0865095285857573	3988	345	KLF7_189
PLAGL1_190	0	0	0.777047953388722	0.0919690900257583	218182	20066	0.0714643931795386	3988	285	PLAGL1_190
KLF12_191	0	0.1522	0.976957658690357	0.109853241788965	218182	23968	0.107321965897693	3988	428	KLF12_191
ZNF410_193	0	0.0519	0.904172775409124	0.0349433042139132	218182	7624	0.0315947843530592	3988	126	ZNF410_193
BCL11A_194	0	0.6286	1.02469062015052	0.181330265558112	218182	39563	0.1858074222668	3988	741	BCL11A_194
EGR1_195	0	0	0.77074671192491	0.131110724074397	218182	28606	0.101053159478435	3988	403	EGR1_195
EGR2_196	0	0.0022	0.850142397414852	0.0634149471542107	218182	13836	0.0539117352056169	3988	215	EGR2_196
IKZF4_197	0	0.7851	1.06885671486239	0.0506732911055907	218182	11056	0.0541624874623872	3988	216	IKZF4_197
CTCFL_198	0	0	0.823707977749164	0.18539109550742	218182	40449	0.152708124373119	3988	609	CTCFL_198
SNAI1_199	0	0.0023	0.8962247207162	0.125624478646268	218182	27409	0.11258776328987	3988	449	SNAI1_199
RREB1_200	0	0	0.837701988278616	0.185886095094921	218182	40557	0.155717151454363	3988	621	RREB1_200
GLIS2_201	0	0.0406	0.910207864457003	0.0490370424691313	218182	10699	0.0446339017051153	3988	178	GLIS2_201
ZBTB1_203	0	0.0238	0.848132087708774	0.0245391462173782	218182	5354	0.0208124373119358	3988	83	ZBTB1_203
FEZF1_204	0	0.6207	1.03925165198497	0.0791403507163744	218182	17267	0.082246740220662	3988	328	FEZF1_204
KLF16_205	0	0	0.735377299719012	0.18481359598867	218182	40323	0.135907723169509	3988	542	KLF16_205
ZSCAN10_206	0	0.6836	1.04912455123642	0.0678791101007416	218182	14810	0.0712136409227683	3988	284	ZSCAN10_206
EGR4_207	0	0.007	0.878176235387463	0.0668157776535186	218182	14578	0.0586760280842528	3988	234	EGR4_207
KLF4_208	0	0	0.730591347680997	0.227896893419255	218182	49723	0.166499498495486	3988	664	KLF4_208
ZNF740_209	0	0	0.757287322951668	0.128805309328909	218182	28103	0.097542627883651	3988	389	ZNF740_209
ZIC5_210	0	0.0037	0.870325514767901	0.0726045228295643	218182	15841	0.0631895687061184	3988	252	ZIC5_210
PRDM16_211	0	0.3506	1.00936089778456	0.0663299447250461	218182	14472	0.066950852557673	3988	267	PRDM16_211
ZIC1_213	0	0.4719	1.0337227825898	0.0419649650291958	218182	9156	0.0433801404212638	3988	173	ZIC1_213
FEZF2_214	0	0.6207	1.03925165198497	0.0791403507163744	218182	17267	0.082246740220662	3988	328	FEZF2_214
ZIC3_215	0	0.0324	0.91075314675869	0.0583687013594155	218182	12735	0.0531594784353059	3988	212	ZIC3_215
ZBTB7B_216	0	0.2329	0.983986131055036	0.0305799745166879	218182	6672	0.0300902708124373	3988	120	ZBTB7B_216
ZNF333_217	0	0.646	1.06956028036717	0.0309466408777993	218182	6752	0.033099297893681	3988	132	ZNF333_217
BCL6B_218	0	0.7938	1.06115301499525	0.0645103629080309	218182	14075	0.0684553660982949	3988	273	BCL6B_218
ZNF75A_219	0	0.9537	1.05993265191814	0.0967586693677755	218182	21111	0.102557673019057	3988	409	ZNF75A_219
GFI1_220	0	0.1601	0.975065063458489	0.0828070143274881	218182	18067	0.0807422266800401	3988	322	GFI1_220
ZNF281_221	0	0	0.853514918556201	0.148069043275797	218182	32306	0.126379137412237	3988	504	ZNF281_221
ZNF148_222	0	0	0.849239934209614	0.302353081372432	218182	65968	0.256770310932798	3988	1024	ZNF148_222
KLF15_223	0	0	0.824238858396667	0.242769797691835	218182	52968	0.200100300902708	3988	798	KLF15_223
ZNF691_224	0	0.5574	1.04634296140813	0.0426570477857935	218182	9307	0.0446339017051153	3988	178	ZNF691_224
SP8_226	0	0	0.784834281864609	0.150163624863646	218182	32763	0.117853560682046	3988	470	SP8_226
GFI1B_228	0	0.3333	1.00636441095863	0.0712616072819939	218182	15548	0.0717151454363089	3988	286	GFI1B_228
ZNF219_229	0	0	0.764482454303974	0.150553207872327	218182	32848	0.115095285857573	3988	459	ZNF219_229
ZNF202_230	0	0	0.707816883359966	0.0651841123465731	218182	14222	0.0461384152457372	3988	184	ZNF202_230
ZNF143_231	0	0.0476	0.92499260330554	0.0612653656121953	218182	13367	0.0566700100300903	3988	226	ZNF143_231
SP2_232	0	0	0.829443438398816	0.283268097276586	218182	61804	0.234954864593781	3988	937	SP2_232
ZNF232_233	0	0.2634	0.994318780250282	0.0567416193819838	218182	12380	0.05641925777332	3988	225	ZNF232_233
ZBTB49_235	0	0.1179	0.94781481894053	0.0399483000430833	218182	8716	0.0378635907723169	3988	151	ZBTB49_235
HIC2_236	0	0.1685	0.97549075529893	0.0732599389500509	218182	15984	0.0714643931795386	3988	285	HIC2_236
ZNF32_237	0	0.019	0.885614980582272	0.0492662089448259	218182	10749	0.0436308926780341	3988	174	ZNF32_237
KLF13_238	0	0	0.681903332240249	0.0478041268298943	218182	10430	0.0325977933801404	3988	130	KLF13_238
ZNF35_239	0	0.0068	0.925728097628967	0.166856110953241	218182	36405	0.154463390170512	3988	616	ZNF35_239
ZNF282_240	0	0.6744	1.05178462178291	0.0596016169986525	218182	13004	0.0626880641925777	3988	250	ZNF282_240
SP7_241	0	0	0.784834281864609	0.150163624863646	218182	32763	0.117853560682046	3988	470	SP7_241
SCRT1_242	0	0.1496	0.966411501432659	0.0560449532958723	218182	12228	0.0541624874623872	3988	216	SCRT1_242
ZNF524_243	0	0	0.718899542618481	0.0547616210319825	218182	11948	0.0393681043129388	3988	157	ZNF524_243
ZNF274_244	0	0.9159	1.06144282660917	0.0857540952049207	218182	18710	0.0910230692076229	3988	363	ZNF274_244
HINFP_245	0	0.5835	1.12637471237241	0.00779166017361652	218182	1700	0.00877632898696088	3988	35	HINFP_245
OVOL1_246	0	0.5237	1.0443053781405	0.0376978852517623	218182	8225	0.0393681043129388	3988	157	OVOL1_246
SP3_247	0	0	0.713456680545659	0.192600672832773	218182	42022	0.13741223671013	3988	548	SP3_247
INSM1_248	0	0	0.821053756286905	0.104142413214656	218182	22722	0.085506519558676	3988	341	INSM1_248
ZBTB4_249	0	0.0617	0.917309920046912	0.0396366336361386	218182	8648	0.0363590772316951	3988	145	ZBTB4_249
GLIS1_250	0	0.2298	0.9836620071579	0.0333941388382176	218182	7286	0.0328485456369107	3988	131	GLIS1_250
KLF14_251	0	0	0.663195835051287	0.0933899221750649	218182	20376	0.0619358074222668	3988	247	KLF14_251
ZIC4_252	0	0.0149	0.905603072014679	0.0805749328542226	218182	17580	0.0729689067201605	3988	291	ZIC4_252
HIC1_254	0	3e-04	0.800651033213371	0.0548074543271214	218182	11958	0.0438816449348044	3988	175	HIC1_254
ZBTB33_255	0	0.0196	0.818532092416245	0.0189933175055687	218182	4144	0.0155466399197593	3988	62	ZBTB33_255
ZNF354C_256	0	0.3568	1.00559041915756	0.182031514973738	218182	39716	0.183049147442327	3988	730	ZNF354C_256
ZNF713_257	0	0.0069	0.885042953466615	0.0753636871969273	218182	16443	0.0667001003009027	3988	266	ZNF713_257
ZBTB7A_258	0	0	0.792912550830711	0.187531510390408	218182	40916	0.148696088264794	3988	593	ZBTB7A_258
EGR3_259	0	0.5028	1.04175964210412	0.0363458030451641	218182	7930	0.0378635907723169	3988	151	EGR3_259
ZNF238_260	0	0.3288	1.00533969777727	0.0785674345271379	218182	17142	0.0789869608826479	3988	315	ZNF238_260
ZBTB42_261	0	0.3288	1.00533969777727	0.0785674345271379	218182	17142	0.0789869608826479	3988	315	ZBTB42_261
ZNF784_262	0	0.016	0.851663745879169	0.0320924732562723	218182	7002	0.0273319959879639	3988	109	ZNF784_262
ZSCAN4_263	0	0.0252	0.919891128785417	0.083957430035475	218182	18318	0.0772316950852558	3988	308	ZSCAN4_263
PLAG1_264	0	0	0.752277790264202	0.138329468058777	218182	30181	0.104062186559679	3988	415	PLAG1_264
ZBTB7C_265	0	0.6956	1.07149382692595	0.0355712203573164	218182	7761	0.0381143430290873	3988	152	ZBTB7C_265
WT1_266	0	0	0.748144582702324	0.221544398713001	218182	48337	0.165747241725176	3988	661	WT1_266
SP1_267	0	0	0.821157656835422	0.27849226792311	218182	60762	0.228686058174524	3988	912	SP1_267
ZBTB3_269	0	0	0.838535525301105	0.143238213968155	218182	31252	0.120110330992979	3988	479	ZBTB3_269
IKZF1_270	0	0.7851	1.06885671486239	0.0506732911055907	218182	11056	0.0541624874623872	3988	216	IKZF1_270
ZNF75D_272	0	0.9537	1.05993265191814	0.0967586693677755	218182	21111	0.102557673019057	3988	409	ZNF75D_272
ZKSCAN4_273	0	0.0285	0.869734240937425	0.0299841416798819	218182	6542	0.0260782347041123	3988	104	ZKSCAN4_273
MTF1_274	0	0.0207	0.873852330773675	0.0387383010514158	218182	8452	0.033851554663992	3988	135	MTF1_274
SP6_275	0	0	0.782195238404085	0.11957448368793	218182	26089	0.093530591775326	3988	373	SP6_275
ZKSCAN3_276	0	0.0285	0.869734240937425	0.0299841416798819	218182	6542	0.0260782347041123	3988	104	ZKSCAN3_276
ZSCAN16_277	0	0.8307	1.06558990143161	0.062594531171224	218182	13657	0.0667001003009027	3988	266	ZSCAN16_277
ZNF652_278	0	0.0053	0.854912577102762	0.0525020395816337	218182	11455	0.0448846539618857	3988	179	ZNF652_278
SP5_279	0	0	0.782195238404085	0.11957448368793	218182	26089	0.093530591775326	3988	373	SP5_279
SCRT2_282	0	0.6131	1.04740539405177	0.0543445380462183	218182	11857	0.0569207622868606	3988	227	SCRT2_282
SP9_283	0	0	0.784834281864609	0.150163624863646	218182	32763	0.117853560682046	3988	470	SP9_283
YY2_284	0	0.6308	1.05943784831884	0.038816217653152	218182	8469	0.041123370110331	3988	164	YY2_284
CENPB_289	0	0.0615	0.842427193591333	0.0104179079850767	218182	2273	0.00877632898696088	3988	35	CENPB_289
YBX1_290	0	0.5255	1.03862851061367	0.0490095424920479	218182	10693	0.0509027081243731	3988	203	YBX1_290
RBPJ_291	0	0.0063	0.888872200498579	0.0826557644535296	218182	18034	0.0734704112337011	3988	293	RBPJ_291
CUX2_292	0	0.5741	1.06624253080908	0.0242228964809196	218182	5285	0.025827482447342	3988	103	CUX2_292
ONECUT2_293	0	0	0.782700475467456	0.0663161947365044	218182	14469	0.0519057171514544	3988	207	ONECUT2_293
CUX1_294	0	0.023	0.820573694188332	0.0177237352302206	218182	3867	0.014543630892678	3988	58	CUX1_294
ONECUT1_295	0	0	0.792373548984328	0.0699370250524791	218182	15259	0.0554162487462387	3988	221	ONECUT1_295
ONECUT3_296	0	1e-04	0.835998666229158	0.0908828409309659	218182	19829	0.0759779338014042	3988	303	ONECUT3_296
LIN54_297	0	0.001	0.860241252410001	0.0877386768844359	218182	19143	0.0754764292878636	3988	301	LIN54_297
CGBP_298	0	0.3148	1.01401467333034	0.0106333244722296	218182	2320	0.0107823470411234	3988	43	CGBP_298
KDM2B_299	0	0.1961	0.952446176214255	0.00895124254063122	218182	1953	0.00852557673019057	3988	34	KDM2B_299
MLL_300	0	0.002	0.692099594061419	0.0148545709545242	218182	3241	0.0102808425275827	3988	41	MLL_300
DNMT1_301	0	0	0.788994127875138	0.0969328358893034	218182	21149	0.0764794383149448	3988	305	DNMT1_301
TET1_302	0	0.9362	1.25115575416478	0.00661374448854626	218182	1443	0.00827482447342026	3988	33	TET1_302
CXXC1_303	0	0.2281	0.977970050046513	0.0176916519236234	218182	3860	0.0173019057171515	3988	69	CXXC1_303
DMRT1_305	0	0.0682	0.92623525203149	0.0446691294423921	218182	9746	0.0413741223671013	3988	165	DMRT1_305
DMRTA2_306	0	0.0352	0.907517254340387	0.0513928738392718	218182	11213	0.0466399197592778	3988	186	DMRTA2_306
DMRT2_307	0	2e-04	0.816400588829333	0.0697216085653262	218182	15212	0.0569207622868606	3988	227	DMRT2_307
TFDP2_308	0	0.324	1.00923346931622	0.0273303938913384	218182	5963	0.0275827482447342	3988	110	TFDP2_308
TFDP3_309	0	0.324	1.00923346931622	0.0273303938913384	218182	5963	0.0275827482447342	3988	110	TFDP3_309
TFDP1_310	0	0.324	1.00923346931622	0.0273303938913384	218182	5963	0.0275827482447342	3988	110	TFDP1_310
E2F2_311	0	0.3433	1.02317237741828	0.0124987395843837	218182	2727	0.0127883650952859	3988	51	E2F2_311
E2F1_312	0	0.5514	1.11273821464393	0.00811249323958897	218182	1770	0.00902708124373119	3988	36	E2F1_312
E2F3_313	0	0.1112	0.936493723873746	0.0299887250093958	218182	6543	0.0280842527582748	3988	112	E2F3_313
E2F5_315	0	0.7856	1.13827827604345	0.0138783217680652	218182	3028	0.0157973921765296	3988	63	E2F5_315
E2F7_316	0	0.0682	0.919035267858913	0.0371066357444702	218182	8096	0.0341023069207623	3988	136	E2F7_316
E2F6_317	0	0.0013	0.882307169432235	0.114248654792788	218182	24927	0.100802407221665	3988	402	E2F6_317
E2F4_318	0	5e-04	0.82291041851029	0.0630757807701827	218182	13762	0.0519057171514544	3988	207	E2F4_318
BRCA1_319	0	0.6381	1.05067143218662	0.0536982885847595	218182	11716	0.05641925777332	3988	225	BRCA1_319
ETV1_320	0	0.1817	0.963123968153983	0.0239524800396	218182	5226	0.0230692076228686	3988	92	ETV1_320
SPI1_322	0	0.3321	1.00307595707431	0.214985654178622	218182	46906	0.215646940822467	3988	860	SPI1_322
ETV2_324	0	0.0801	0.928995662046785	0.0396778836017637	218182	8657	0.0368605817452357	3988	147	ETV2_324
ERF_325	0	0.076	0.921667872794482	0.034824137646552	218182	7598	0.0320962888665998	3988	128	ERF_325
ELK3_327	0	0.1005	0.928492396248799	0.0280866432611306	218182	6128	0.0260782347041123	3988	104	ELK3_327
ETV3_328	0	0.0189	0.843013017339534	0.0261753948538376	218182	5711	0.0220661985957874	3988	88	ETV3_328
ELF1_329	0	0.3366	1.00715623997973	0.0667241110632408	218182	14558	0.0672016048144433	3988	268	ELF1_329
SPDEF_330	0	0.0051	0.753653050989704	0.0179666516944569	218182	3920	0.0135406218655968	3988	54	SPDEF_330
ELK1_331	0	0.0868	0.920889873853687	0.0285908095076587	218182	6238	0.0263289869608826	3988	105	ELK1_331
ETS1_332	0	0.0497	0.898031304876663	0.0321108065743279	218182	7006	0.0288365095285858	3988	115	ETS1_332
FLI1_337	0	0.0245	0.863350969101575	0.0299153917371736	218182	6527	0.025827482447342	3988	103	FLI1_337
GABPA_338	0	0.0036	0.837419492561725	0.047011210823991	218182	10257	0.0393681043129388	3988	157	GABPA_338
ERG_339	0	0.0656	0.91091100198831	0.0319320567232861	218182	6967	0.0290872617853561	3988	116	ERG_339
ETS2_340	0	0	0.809736071712069	0.119533233722305	218182	26080	0.09679037111334	3988	386	ETS2_340
ELK4_341	0	0.0063	0.861239052419341	0.0538632884472596	218182	11752	0.0463891675025075	3988	185	ELK4_341
FEV_343	0	0.1227	0.937711903788494	0.0256712286073095	218182	5601	0.0240722166499498	3988	96	FEV_343
SPIC_344	0	0.8946	1.05329707069928	0.105462412114657	218182	23010	0.111083249749248	3988	443	SPIC_344
ETV4_345	0	0.1706	0.956582936084428	0.0217570652024457	218182	4747	0.0208124373119358	3988	83	ETV4_345
ENSG00000235187_346	0	0.0931	0.92426923395267	0.0282149764875196	218182	6156	0.0260782347041123	3988	104	ENSG00000235187_346
ETV5_347	0	0.2449	0.985542523880958	0.0208633159472367	218182	4552	0.0205616850551655	3988	82	ETV5_347
FOXC1_349	0	0.9355	1.05691842448007	0.102254081454932	218182	22310	0.108074222668004	3988	431	FOXC1_349
FOXF1_351	0	0.1125	0.969835025969066	0.123846146794878	218182	27021	0.120110330992979	3988	479	FOXF1_351
FOXM1_352	0	0.0018	0.907178965730458	0.160040699966083	218182	34918	0.14518555667001	3988	579	FOXM1_352
FOXH1_362	0	0.3451	1.00886451846096	0.0618886984260846	218182	13503	0.0624373119358074	3988	249	FOXH1_362
FOXQ1_363	0	0.4122	1.01422484923576	0.102849914291738	218182	22440	0.104312938816449	3988	416	FOXQ1_363
FOXK1_364	0	0.7935	1.04807718173678	0.0992886672594439	218182	21663	0.104062186559679	3988	415	FOXK1_364
FOXI1_365	0	0.4445	1.01316886742364	0.168295276420603	218182	36719	0.170511534603811	3988	680	FOXI1_365
FOXB1_367	0	0.3652	1.0077382347027	0.130634057804952	218182	28502	0.131644934804413	3988	525	FOXB1_367
FOXL1_369	0	0.0946	0.938528380157956	0.0419466317111402	218182	9152	0.0393681043129388	3988	157	FOXL1_369
FOXE1_371	0	0.0174	0.942679728484476	0.183273597272002	218182	39987	0.172768304914744	3988	689	FOXE1_371
FOXO4_373	0	0.6765	1.03600198218639	0.114968237526469	218182	25084	0.119107321965898	3988	475	FOXO4_373
FOXD2_374	0	0.4051	1.0121209924204	0.12288364759696	218182	26811	0.124373119358074	3988	496	FOXD2_374
FOXI2_375	0	0.1474	0.979573911995687	0.14718904400913	218182	32114	0.144182547642929	3988	575	FOXI2_375
FOXO6_379	0	0.7832	1.07068963453607	0.0480103766580195	218182	10475	0.0514042126379137	3988	205	FOXO6_379
KIAA0415_381	0	0.7935	1.04807718173678	0.0992886672594439	218182	21663	0.104062186559679	3988	415	KIAA0415_381
GATA1_383	0	0.055	0.927207365067089	0.0570624524479563	218182	12450	0.0529087261785356	3988	211	GATA1_383
GATA3_384	0	0.1479	0.960754458497444	0.0422812147656544	218182	9225	0.0406218655967904	3988	162	GATA3_384
GATA5_385	0	0.1209	0.947526198549301	0.0375787186844011	218182	8199	0.0356068204613842	3988	142	GATA5_385
GATA4_386	0	0.3546	1.0101684858483	0.0640428632976139	218182	13973	0.0646940822467402	3988	258	GATA4_386
GATA6_387	0	0.5582	1.04505285822923	0.0451091290757258	218182	9842	0.0471414242728185	3988	188	GATA6_387
GATA2_388	0	0.036	0.919361863104765	0.0660045283295597	218182	14401	0.0606820461384152	3988	242	GATA2_388
GCM2_389	0	0.0658	0.877775511874489	0.0165687361927198	218182	3615	0.014543630892678	3988	58	GCM2_389
GCM1_390	0	0.038	0.863178699478131	0.0220778982684181	218182	4817	0.0190571715145436	3988	76	GCM1_390
GRHL1_391	0	0.7785	1.11440740981828	0.0193508172076523	218182	4222	0.0215646940822467	3988	86	GRHL1_391
UBP1_393	0	0.0408	0.946779241825448	0.130569891191757	218182	28488	0.123620862587763	3988	493	UBP1_393
ARX_394	0	0.0163	0.897067700895413	0.0654086954927538	218182	14271	0.0586760280842528	3988	234	ARX_394
HOXA11_395	0	0.1375	0.95652554654114	0.0414195488170426	218182	9037	0.0396188565697091	3988	158	HOXA11_395
MEOX1_396	0	0	0.687206314064144	0.037583302013915	218182	8200	0.025827482447342	3988	103	MEOX1_396
DLX6_397	0	0.0208	0.829297977412025	0.0208633159472367	218182	4552	0.0173019057171515	3988	69	DLX6_397
ISL1_398	0	0.0337	0.910265418226787	0.0561962031698307	218182	12261	0.0511534603811434	3988	204	ISL1_398
HOXC8_399	0	0.0047	0.847621117364525	0.0494037088302426	218182	10779	0.0418756268806419	3988	167	HOXC8_399
BARX2_400	0	0.0071	0.880359744036952	0.0689286925594229	218182	15039	0.0606820461384152	3988	242	BARX2_400
ALX4_401	0	0.004	0.85184850972568	0.0550457874618438	218182	12010	0.0468906720160481	3988	187	ALX4_401
GSC2_402	0	0.2446	0.986839226377717	0.0271883106764078	218182	5932	0.0268304914744233	3988	107	GSC2_402
DLX3_403	0	0.5407	1.05990164224868	0.0241312298906418	218182	5265	0.0255767301905717	3988	102	DLX3_403
PITX1_404	0	0.1346	0.9534293307127	0.0378720517732902	218182	8263	0.0361083249749248	3988	144	PITX1_404
HOXA9_405	0	0.0062	0.82839738316801	0.035415387153844	218182	7727	0.0293380140421264	3988	117	HOXA9_405
LHX5_406	0	0	0.718534810736341	0.0645607795326837	218182	14086	0.0463891675025075	3988	185	LHX5_406
SIX4_407	0	0.2164	0.97659051939735	0.0243924796729336	218182	5322	0.0238214643931795	3988	95	SIX4_407
VSX1_408	0	0.6466	1.06659535525458	0.0336187219843983	218182	7335	0.0358575727181545	3988	143	VSX1_408
CRX_410	0	0.4484	1.0330693102123	0.0349524708729409	218182	7626	0.0361083249749248	3988	144	CRX_410
MEIS3_411	0	0.2235	0.985001008635243	0.0506595411170491	218182	11053	0.0498996990972919	3988	199	MEIS3_411
DLX5_412	0	0.1314	0.957638503551149	0.0484412096323253	218182	10569	0.0463891675025075	3988	185	DLX5_412
HOXA1_413	0	0	0.697904306374476	0.041318715567737	218182	9015	0.0288365095285858	3988	115	HOXA1_413
HOXA2_414	0	0.0829	0.934681127782324	0.044802045998295	218182	9775	0.0418756268806419	3988	167	HOXA2_414
HOXA3_415	0	0.7827	1.10953724171436	0.0212437322968898	218182	4635	0.0235707121364092	3988	94	HOXA3_415
HOXA5_416	0	0.3241	1.00627092610856	0.0493395422170482	218182	10765	0.0496489468405216	3988	198	HOXA5_416
HOXA6_417	0	0.0943	0.94667309292154	0.0558891200923999	218182	12194	0.0529087261785356	3988	211	HOXA6_417
HOXA13_418	0	0.0018	0.856132506555507	0.0726366061361615	218182	15848	0.0621865596790371	3988	248	HOXA13_418
EVX1_419	0	8e-04	0.742077027964191	0.0270324774729354	218182	5898	0.0200601805416249	3988	80	EVX1_419
NOBOX_420	0	0.7478	1.07123748868985	0.0426020478316268	218182	9295	0.0456369107321966	3988	182	NOBOX_420
MEOX2_421	0	8e-04	0.81347239854351	0.0520941232548973	218182	11366	0.0423771313941825	3988	169	MEOX2_421
LHX2_422	0	0	0.696794780397066	0.0334674721104399	218182	7302	0.0233199598796389	3988	93	LHX2_422
LHX6_423	0	0.267	0.993283957504865	0.0222153981538349	218182	4847	0.0220661985957874	3988	88	LHX6_423
LHX3_424	0	0	0.77671429944354	0.0849061792448506	218182	18525	0.0659478435305918	3988	263	LHX3_424
PITX3_426	0	0.425	1.02819366034612	0.0360937199219001	218182	7875	0.037111334002006	3988	148	PITX3_426
HNF1B_428	0	0.0664	0.942033662281999	0.073466188778176	218182	16029	0.0692076228686058	3988	276	HNF1B_428
VTN_430	0	0	0.715252672116552	0.0522362064698279	218182	11397	0.0373620862587763	3988	149	VTN_430
PHOX2B_431	0	0.0155	0.889968278122037	0.0588866175944853	218182	12848	0.052407221664995	3988	209	PHOX2B_431
NKX32_432	0	0.4545	1.02645555477906	0.0554537037885802	218182	12099	0.0569207622868606	3988	227	NKX32_432
NANOG_433	0	0.7413	1.07969800181838	0.0339074717437735	218182	7398	0.0366098294884654	3988	146	NANOG_433
IRX4_434	0	0	0.753779451853972	0.0475703770246858	218182	10379	0.0358575727181545	3988	143	IRX4_434
CDX1_435	0	0.034	0.925133868132078	0.0791449340458883	218182	17268	0.0732196589769308	3988	292	CDX1_435
TLX2_436	0	0.0085	0.875954716849542	0.0601149499042084	218182	13116	0.0526579739217653	3988	210	TLX2_436
OTX1_437	0	0.0216	0.686157552926338	0.00548166209861492	218182	1196	0.00376128385155466	3988	15	OTX1_437
VAX2_439	0	5e-04	0.748332717450597	0.0308274743104381	218182	6726	0.0230692076228686	3988	92	VAX2_439
PRRX1_440	0	0.0197	0.86180705998055	0.0331695556920369	218182	7237	0.0285857572718154	3988	114	PRRX1_440
VSX2_442	0	0.0035	0.80976323976555	0.0346820544316213	218182	7567	0.0280842527582748	3988	112	VSX2_442
NKX23_443	0	0.9137	1.08261115606368	0.0497978751684374	218182	10865	0.0539117352056169	3988	215	NKX23_443
HOXB5_445	0	0.0042	0.860923347036238	0.0611645323628897	218182	13345	0.0526579739217653	3988	210	HOXB5_445
HOXB7_446	0	0.5673	1.03814818689196	0.0642491131257391	218182	14018	0.0667001003009027	3988	266	HOXB7_446
HOXB3_447	0	0.0018	0.832013711574541	0.0530428724642729	218182	11573	0.0441323971915747	3988	176	HOXB3_447
HOXB1_448	0	0.1222	0.951267562481369	0.0427028810809324	218182	9317	0.0406218655967904	3988	162	HOXB1_448
MSX2_449	0	0.3949	1.02330289866618	0.0338158051534957	218182	7378	0.0346038114343029	3988	138	MSX2_449
LHX4_450	0	2e-04	0.784798865486718	0.0520803732663556	218182	11363	0.0408726178535607	3988	163	LHX4_450
HOXA7_451	0	0.0359	0.871446915576065	0.0261845615128654	218182	5713	0.0228184553660983	3988	91	HOXA7_451
HOXC13_452	0	0.0011	0.86097747191723	0.0867899276750603	218182	18936	0.0747241725175527	3988	298	HOXC13_452
HOXC11_453	0	0.0663	0.912084799184215	0.0324408062993281	218182	7078	0.0295887662988967	3988	118	HOXC11_453
HOXC12_454	0	0.2425	0.991853895456346	0.0874728437726302	218182	19085	0.0867602808425276	3988	346	HOXC12_454
ESX1_455	0	0.2492	0.989414313719196	0.0352274706437745	218182	7686	0.0348545636910732	3988	139	ESX1_455
NKX22_458	0	0.632	1.04594294897585	0.0625716145236546	218182	13652	0.0654463390170512	3988	261	NKX22_458
SIX1_459	0	0.3232	1.0112685561305	0.0198366501361249	218182	4328	0.0200601805416249	3988	80	SIX1_459
HOXD1_460	0	0.0102	0.823585811197032	0.0277062269114776	218182	6045	0.0228184553660983	3988	91	HOXD1_460
HOXD3_461	0	0.009	0.842941598154304	0.0368866359278034	218182	8048	0.0310932798395186	3988	124	HOXD3_461
HOXD9_462	0	0	0.81301715892238	0.0897507585410346	218182	19582	0.0729689067201605	3988	291	HOXD9_462
HOXD10_463	0	0.0715	0.953512770514251	0.102561164532363	218182	22377	0.0977933801404213	3988	390	HOXD10_463
HOXD11_464	0	0.0454	0.884365278923379	0.0269362275531437	218182	5877	0.0238214643931795	3988	95	HOXD11_464
HOXD13_465	0	0.0176	0.907681745123189	0.07762785197679	218182	16937	0.0704613841524574	3988	281	HOXD13_465
MNX1_466	0	0.0023	0.859993524780681	0.0714357738035218	218182	15586	0.0614343029087262	3988	245	MNX1_466
CDX4_467	0	0.0152	0.892004818804239	0.0615632820305983	218182	13432	0.0549147442326981	3988	219	CDX4_467
BARX1_468	0	0.0059	0.888520868070449	0.0840995132504056	218182	18349	0.0747241725175527	3988	298	BARX1_468
LHX1_469	0	0	0.718534810736341	0.0645607795326837	218182	14086	0.0463891675025075	3988	185	LHX1_469
GSC_470	0	0.1255	0.942673023813775	0.0289941425048812	218182	6326	0.0273319959879639	3988	109	GSC_470
RAX_472	0	0.0651	0.920579864947751	0.0405853828455143	218182	8855	0.0373620862587763	3988	149	RAX_472
HNF1A_473	0	4e-04	0.855350467766348	0.0993803338497218	218182	21683	0.0850050150451354	3988	339	HNF1A_473
EMX1_474	0	0.0139	0.833282552005314	0.0270828940975883	218182	5909	0.022567703109328	3988	90	EMX1_474
NKX28_475	0	0.042	0.909887465529445	0.0474007938326718	218182	10342	0.0431293881644935	3988	172	NKX28_475
NKX21_476	0	0.2702	0.995950515557113	0.0667195277337269	218182	14557	0.0664493480441324	3988	265	NKX21_476
ZFHX2_477	0	1e-04	0.69892245614788	0.0297778918517568	218182	6497	0.0208124373119358	3988	83	ZFHX2_477
HLX_478	0	0	0.800305833911766	0.0833432638806134	218182	18184	0.0667001003009027	3988	266	HLX_478
LMX1B_479	0	0	0.741984666445689	0.0533957888368426	218182	11650	0.0396188565697091	3988	158	LMX1B_479
SIX3_480	0	0.1128	0.933253895716741	0.02633122805731	218182	5745	0.0245737211634905	3988	98	SIX3_480
LBX1_481	0	0.001	0.805353598092866	0.0460807949326709	218182	10054	0.037111334002006	3988	148	LBX1_481
PDX1_482	0	9e-04	0.68896731314478	0.0178337351385541	218182	3891	0.0122868605817452	3988	49	PDX1_482
ZFHX3_483	0	6e-04	0.804480785613494	0.0508062076614936	218182	11085	0.0408726178535607	3988	163	ZFHX3_483
BARHL2_484	0	0.6595	1.07902786183711	0.0257949785041846	218182	5628	0.0278335005015045	3988	111	BARHL2_484
LHX9_485	0	0.0197	0.86180705998055	0.0331695556920369	218182	7237	0.0285857572718154	3988	114	LHX9_485
MEIS1_486	0	0.3348	1.00646675888448	0.0737457718785234	218182	16090	0.074222668004012	3988	296	MEIS1_486
DLX1_487	0	0.0375	0.895272235722936	0.0383716346903044	218182	8372	0.0343530591775326	3988	137	DLX1_487
HMBOX1_488	0	0.0599	0.89997744508406	0.0278620601149499	218182	6079	0.0250752256770311	3988	100	HMBOX1_488
VAX1_489	0	5e-04	0.748332717450597	0.0308274743104381	218182	6726	0.0230692076228686	3988	92	VAX1_489
VENTX_490	0	0.0024	0.834168827304722	0.0508016243319797	218182	11084	0.0423771313941825	3988	169	VENTX_490
HHEX_491	0	0.2527	0.991007659051367	0.0417495485420429	218182	9109	0.0413741223671013	3988	165	HHEX_491
ALX3_493	0	0.0267	0.872659534501083	0.0327570560357866	218182	7147	0.0285857572718154	3988	114	ALX3_493
HOXB13_494	0	0.1301	0.962782579890224	0.0638091134924054	218182	13922	0.0614343029087262	3988	245	HOXB13_494
IRX6_495	0	0	0.753779451853972	0.0475703770246858	218182	10379	0.0358575727181545	3988	143	IRX6_495
ISL2_496	0	0.0304	0.897146567908855	0.046117461568782	218182	10062	0.0413741223671013	3988	165	ISL2_496
LHX8_498	0	0.4907	1.04090965018526	0.0344483046264128	218182	7516	0.0358575727181545	3988	143	LHX8_498
LMX1A_499	0	0	0.707267336090277	0.0350991374173855	218182	7658	0.0248244734202608	3988	99	LMX1A_499
EN1_500	0	0.1207	0.940117727885327	0.0288062259948117	218182	6285	0.0270812437311936	3988	108	EN1_500
MSX1_501	0	0.1189	0.941012163022121	0.0306441411298824	218182	6686	0.0288365095285858	3988	115	MSX1_501
NKX61_502	0	0	0.744482359645279	0.114853654288621	218182	25059	0.085506519558676	3988	341	NKX61_502
HESX1_503	0	0.6745	1.07168714763291	0.0327570560357866	218182	7147	0.0351053159478435	3988	140	HESX1_503
PITX2_504	0	0	0.772213233748499	0.0896224253146456	218182	19554	0.0692076228686058	3988	276	PITX2_504
EN2_506	0	0.0901	0.936524524820398	0.0423041314132238	218182	9230	0.0396188565697091	3988	158	EN2_506
UNCX_507	0	9e-04	0.840077997271107	0.0695474420437983	218182	15174	0.0584252758274824	3988	233	UNCX_507
GBX1_508	0	0.0418	0.88396616822151	0.0286503927913393	218182	6251	0.0253259779338014	3988	101	GBX1_508
NKX63_509	0	6e-04	0.824948512495528	0.0629199475667104	218182	13728	0.0519057171514544	3988	207	NKX63_509
ZHX1_510	0	0.9538	1.23191427631625	0.00793832671806107	218182	1732	0.00977933801404213	3988	39	ZHX1_510
HDX_511	0	0.0737	0.951542932395312	0.0919690900257583	218182	20066	0.0875125376128385	3988	349	HDX_511
PHOX2A_512	0	0.0026	0.854715988456166	0.0642491131257391	218182	14018	0.0549147442326981	3988	219	PHOX2A_512
CDX2_514	0	0.0708	0.946897423038346	0.0810332658056118	218182	17680	0.0767301905717152	3988	306	CDX2_514
OTX2_515	0	0.0515	0.900411672491098	0.0325828895142587	218182	7109	0.0293380140421264	3988	117	OTX2_515
DRGX_516	0	8e-04	0.826089111535017	0.0601011999156667	218182	13113	0.0496489468405216	3988	198	DRGX_516
NKX31_517	0	0.0302	0.912485507062704	0.0634791137674052	218182	13850	0.0579237713139418	3988	231	NKX31_517
PRRX2_519	0	0.0197	0.86180705998055	0.0331695556920369	218182	7237	0.0285857572718154	3988	114	PRRX2_519
GBX2_520	0	0.2935	1.00048830702634	0.0411032990805841	218182	8968	0.041123370110331	3988	164	GBX2_520
SHOX2_521	0	0.0197	0.86180705998055	0.0331695556920369	218182	7237	0.0285857572718154	3988	114	SHOX2_521
GSX1_522	0	0	0.746207597916215	0.0477170435691304	218182	10411	0.0356068204613842	3988	142	GSX1_522
HOXD4_523	0	0.0276	0.884287300315292	0.0388483009597492	218182	8476	0.0343530591775326	3988	137	HOXD4_523
HOXD12_524	0	0.1879	0.981625149362516	0.0863407613826988	218182	18838	0.0847542627883651	3988	338	HOXD12_524
EMX2_525	0	9e-04	0.744601958307723	0.0269408108826576	218182	5878	0.0200601805416249	3988	80	EMX2_525
IRX1_526	0	0.08	0.945167390049146	0.0660595282837264	218182	14413	0.0624373119358074	3988	249	IRX1_526
SIX2_528	0	0.2039	0.972829668583214	0.026033311638907	218182	5680	0.0253259779338014	3988	101	SIX2_528
HOXB9_529	0	0.0514	0.93791415435218	0.082344098046585	218182	17966	0.0772316950852558	3988	308	HOXB9_529
OTP_530	0	0.0571	0.902958802727073	0.0311024740812716	218182	6786	0.0280842527582748	3988	112	OTP_530
AC0125311_531	0	0.7554	1.04741533777899	0.0914511737906885	218182	19953	0.0957873620862588	3988	382	AC0125311_531
HOXB2_532	0	0.0038	0.838665117307876	0.0472403772996856	218182	10307	0.0396188565697091	3988	158	HOXB2_532
RAX2_533	0	0.0197	0.86180705998055	0.0331695556920369	218182	7237	0.0285857572718154	3988	114	RAX2_533
EVX2_534	0	0.029	0.857992334938394	0.024841645965295	218182	5420	0.0213139418254764	3988	85	EVX2_534
PROP1_535	0	0.0068	0.877574250032796	0.0668616109486575	218182	14588	0.0586760280842528	3988	234	PROP1_535
ISX_536	0	0.0197	0.86180705998055	0.0331695556920369	218182	7237	0.0285857572718154	3988	114	ISX_536
HOXD8_537	0	1e-04	0.81624102775543	0.0817161819031818	218182	17829	0.0667001003009027	3988	266	HOXD8_537
IRX5_539	0	0.735	1.06839204639992	0.044123713230239	218182	9627	0.0471414242728185	3988	188	IRX5_539
SIX5_540	0	0.0049	0.85235492588142	0.0520712066073278	218182	11361	0.044383149448345	3988	177	SIX5_540
TGIF1_541	0	0.0401	0.924588394176456	0.0694282754764371	218182	15148	0.0641925777331996	3988	256	TGIF1_541
IRX3_542	0	0.08	0.945167390049146	0.0660595282837264	218182	14413	0.0624373119358074	3988	249	IRX3_542
LBX2_543	0	0.0027	0.795152770937492	0.0321658065284946	218182	7018	0.0255767301905717	3988	102	LBX2_543
ALX1_545	0	0.0102	0.880537604310045	0.0603716163569864	218182	13172	0.0531594784353059	3988	212	ALX1_545
GSX2_546	0	0	0.736609270925705	0.0650191124840729	218182	14186	0.0478936810431294	3988	191	GSX2_546
HOXC9_547	0	0.0021	0.852833227230318	0.0664491112924073	218182	14498	0.0566700100300903	3988	226	HOXC9_547
HOXC10_548	0	9e-04	0.857215040844458	0.0857082619097817	218182	18700	0.0734704112337011	3988	293	HOXC10_548
HOXB4_549	0	0.0014	0.850991784970544	0.0713074405771329	218182	15558	0.0606820461384152	3988	242	HOXB4_549
NKX25_550	0	0.0875	0.953989629054294	0.0822707647743627	218182	17950	0.0784854563691073	3988	313	NKX25_550
POU6F1_551	0	0.2147	0.985198163777717	0.0684657762785198	218182	14938	0.0674523570712136	3988	269	POU6F1_551
SIX6_552	0	0.2042	0.973737626855517	0.0278116434902971	218182	6068	0.0270812437311936	3988	108	SIX6_552
MIXL1_553	0	6e-04	0.791842554470056	0.0449670458607951	218182	9811	0.0356068204613842	3988	142	MIXL1_553
PBX1_555	0	0.206	0.979383878041409	0.044293296422253	218182	9664	0.0433801404212638	3988	173	PBX1_555
SHOX_556	0	0.0197	0.86180705998055	0.0331695556920369	218182	7237	0.0285857572718154	3988	114	SHOX_556
HMX3_557	0	0.0293	0.901807069560329	0.0517182902347581	218182	11284	0.0466399197592778	3988	186	HMX3_557
HMX2_558	0	0.0649	0.93407723755972	0.0587903676746936	218182	12827	0.0549147442326981	3988	219	HMX2_558
BSX_559	0	0.3949	1.02330289866618	0.0338158051534957	218182	7378	0.0346038114343029	3988	138	BSX_559
DMBX1_560	0	0.6395	1.0809563771961	0.0227333143889047	218182	4960	0.0245737211634905	3988	98	DMBX1_560
HOXC6_561	0	0.649	1.0314974712116	0.13078530767891	218182	28535	0.134904714142427	3988	538	HOXC6_561
HOXC5_562	0	1e-04	0.815099656665501	0.0716786902677581	218182	15639	0.0584252758274824	3988	233	HOXC5_562
PBX2_563	0	1e-04	0.796284175697403	0.0664445279628934	218182	14497	0.0529087261785356	3988	211	PBX2_563
DUXA_564	0	0.0014	0.829958917894751	0.0555912036739969	218182	12129	0.0461384152457372	3988	184	DUXA_564
DPRX_565	0	0.4902	1.05473314932322	0.0202078998267501	218182	4409	0.0213139418254764	3988	85	DPRX_565
AL8454643_566	0	1e-04	0.796284175697403	0.0664445279628934	218182	14497	0.0529087261785356	3988	211	AL8454643_566
NOTO_567	0	0.0017	0.776023104775319	0.0303737246885628	218182	6627	0.0235707121364092	3988	94	NOTO_567
HOMEZ_568	0	0.1208	0.934852211847237	0.0241403965496695	218182	5267	0.022567703109328	3988	90	HOMEZ_568
HMX1_569	0	0.0273	0.907042291983563	0.0602661997781668	218182	13149	0.0546639919759278	3988	218	HMX1_569
ENSG00000215754_570	0	0.0029	0.851495412404506	0.0597803668496943	218182	13043	0.0509027081243731	3988	203	ENSG00000215754_570
ENSG00000217642_571	0	0.0029	0.851495412404506	0.0597803668496943	218182	13043	0.0509027081243731	3988	203	ENSG00000217642_571
ENSG00000224558_572	0	0.0029	0.851495412404506	0.0597803668496943	218182	13043	0.0509027081243731	3988	203	ENSG00000224558_572
BX2846861_573	0	1e-04	0.796284175697403	0.0664445279628934	218182	14497	0.0529087261785356	3988	211	BX2846861_573
ENSG00000225958_574	0	0.0029	0.851495412404506	0.0597803668496943	218182	13043	0.0509027081243731	3988	203	ENSG00000225958_574
CR8124782_575	0	1e-04	0.796284175697403	0.0664445279628934	218182	14497	0.0529087261785356	3988	211	CR8124782_575
ENSG00000226866_576	0	0.0029	0.851495412404506	0.0597803668496943	218182	13043	0.0509027081243731	3988	203	ENSG00000226866_576
AC2261502_577	0	0.5239	1.04008597741855	0.0453245455628787	218182	9889	0.0471414242728185	3988	188	AC2261502_577
DUX4L5_578	0	0.0029	0.851495412404506	0.0597803668496943	218182	13043	0.0509027081243731	3988	203	DUX4L5_578
ENSG00000227522_579	0	0.0029	0.851495412404506	0.0597803668496943	218182	13043	0.0509027081243731	3988	203	ENSG00000227522_579
DUX4L2_580	0	0.0029	0.851495412404506	0.0597803668496943	218182	13043	0.0509027081243731	3988	203	DUX4L2_580
DUX4L3_581	0	0.0029	0.851495412404506	0.0597803668496943	218182	13043	0.0509027081243731	3988	203	DUX4L3_581
DUX4L6_582	0	0.0029	0.851495412404506	0.0597803668496943	218182	13043	0.0509027081243731	3988	203	DUX4L6_582
ENSG00000228710_583	0	0.0029	0.851495412404506	0.0597803668496943	218182	13043	0.0509027081243731	3988	203	ENSG00000228710_583
ENSG00000229544_584	0	0.3468	1.01389230701742	0.030914557571202	218182	6745	0.0313440320962889	3988	125	ENSG00000229544_584
CT4768282_585	0	0.0029	0.851495412404506	0.0597803668496943	218182	13043	0.0509027081243731	3988	203	CT4768282_585
ENSG00000230380_586	0	0.0029	0.851495412404506	0.0597803668496943	218182	13043	0.0509027081243731	3988	203	ENSG00000230380_586
ENSG00000230776_587	0	0.0029	0.851495412404506	0.0597803668496943	218182	13043	0.0509027081243731	3988	203	ENSG00000230776_587
AL5921702_588	0	0.0029	0.851495412404506	0.0597803668496943	218182	13043	0.0509027081243731	3988	203	AL5921702_588
BX9272396_589	0	1e-04	0.796284175697403	0.0664445279628934	218182	14497	0.0529087261785356	3988	211	BX9272396_589
ENSG00000232923_590	0	0.0029	0.851495412404506	0.0597803668496943	218182	13043	0.0509027081243731	3988	203	ENSG00000232923_590
ENSG00000233294_591	0	0.0029	0.851495412404506	0.0597803668496943	218182	13043	0.0509027081243731	3988	203	ENSG00000233294_591
ENSG00000233361_592	0	0.0029	0.851495412404506	0.0597803668496943	218182	13043	0.0509027081243731	3988	203	ENSG00000233361_592
ENSG00000233698_593	0	0.0029	0.851495412404506	0.0597803668496943	218182	13043	0.0509027081243731	3988	203	ENSG00000233698_593
ENSG00000233794_594	0	0.0029	0.851495412404506	0.0597803668496943	218182	13043	0.0509027081243731	3988	203	ENSG00000233794_594
ENSG00000234550_596	0	0.0029	0.851495412404506	0.0597803668496943	218182	13043	0.0509027081243731	3988	203	ENSG00000234550_596
NKX11_597	0	0.5159	1.04481436461117	0.0350395541337049	218182	7645	0.0366098294884654	3988	146	NKX11_597
ENSG00000236207_598	0	0.0029	0.851495412404506	0.0597803668496943	218182	13043	0.0509027081243731	3988	203	ENSG00000236207_598
CR9338788_599	0	1e-04	0.796284175697403	0.0664445279628934	218182	14497	0.0529087261785356	3988	211	CR9338788_599
AL6628305_600	0	1e-04	0.796284175697403	0.0664445279628934	218182	14497	0.0529087261785356	3988	211	AL6628305_600
ENSG00000237516_601	0	0.0029	0.851495412404506	0.0597803668496943	218182	13043	0.0509027081243731	3988	203	ENSG00000237516_601
ENSG00000250589_602	0	0.0029	0.851495412404506	0.0597803668496943	218182	13043	0.0509027081243731	3988	203	ENSG00000250589_602
DUX4_603	0	0.0029	0.851495412404506	0.0597803668496943	218182	13043	0.0509027081243731	3988	203	DUX4_603
PAX6_604	0	0.167	0.963458650130831	0.0338341384715513	218182	7382	0.0325977933801404	3988	130	PAX6_604
PAX7_605	0	0.0135	0.796875558871491	0.0182508181243182	218182	3982	0.014543630892678	3988	58	PAX7_605
PAX2_606	0	0.0644	0.89493480441324	0.0232558139534884	218182	5074	0.0208124373119358	3988	83	PAX2_606
PAX4_607	0	1e-04	0.664611725845676	0.0249012292489756	218182	5433	0.0165496489468405	3988	66	PAX4_607
POU2F2_609	0	0.0029	0.867824019921395	0.075125354062205	218182	16391	0.0651955867602808	3988	260	POU2F2_609
POU1F1_610	0	0.0427	0.933417411966857	0.0838153468205443	218182	18287	0.078234704112337	3988	312	POU1F1_610
POU4F3_611	0	0.0142	0.916692048896812	0.103945330045558	218182	22679	0.0952858575727182	3988	380	POU4F3_611
POU6F2_612	0	0.1531	0.966364553611867	0.0524149563208697	218182	11436	0.0506519558676028	3988	202	POU6F2_612
POU2F3_613	0	0.0264	0.912789244811724	0.0695016087486594	218182	15164	0.0634403209628887	3988	253	POU2F3_613
POU2F1_614	0	0.0161	0.907593775551544	0.0809507658743618	218182	17662	0.0734704112337011	3988	293	POU2F1_614
POU4F2_615	0	0.0029	0.890468468789075	0.106443244630629	218182	23224	0.0947843530591775	3988	378	POU4F2_615
POU4F1_616	0	0	0.825643633915661	0.105081995765004	218182	22927	0.0867602808425276	3988	346	POU4F1_616
POU3F2_617	0	0.1043	0.952665577906253	0.0602753664371946	218182	13151	0.0574222668004012	3988	229	POU3F2_617
POU3F1_618	0	0.0112	0.874669538200142	0.0527495393753839	218182	11509	0.0461384152457372	3988	184	POU3F1_618
POU3F4_619	0	0.0027	0.855741394549321	0.0650511957906702	218182	14193	0.055667001003009	3988	222	POU3F4_619
POU3F3_620	0	6e-04	0.86099719332438	0.0966899194250671	218182	21096	0.0832497492477432	3988	332	POU3F3_620
POU5F1_621	0	0.0049	0.888951100401506	0.0897003419163817	218182	19571	0.0797392176529589	3988	318	POU5F1_621
POU5F1B_622	0	0.0264	0.912789244811724	0.0695016087486594	218182	15164	0.0634403209628887	3988	253	POU5F1B_622
HSF2_623	0	0.4253	1.02156689745999	0.0584191179840683	218182	12746	0.059679037111334	3988	238	HSF2_623
HSF4_624	0	0.4941	1.03429603143516	0.0487299593917005	218182	10632	0.0504012036108325	3988	201	HSF4_624
HSFY2_625	0	0.2248	0.972222807355832	0.0113483238763968	218182	2476	0.0110330992978937	3988	44	HSFY2_625
HSFY1_626	0	0.2248	0.972222807355832	0.0113483238763968	218182	2476	0.0110330992978937	3988	44	HSFY1_626
IRF6_628	0	0.1305	0.916088022634883	0.0117699901916748	218182	2568	0.0107823470411234	3988	43	IRF6_628
IRF1_629	0	0.028	0.960432881893894	0.26473769605192	218182	57761	0.254262788365095	3988	1014	IRF1_629
IRF3_630	0	7e-04	0.863729282200241	0.0987065844111797	218182	21536	0.0852557673019057	3988	340	IRF3_630
IRF5_631	0	0.031	0.87831258880147	0.0325462228781476	218182	7101	0.0285857572718154	3988	114	IRF5_631
IRF8_633	0	0.6225	1.04618613338667	0.0594412004656663	218182	12969	0.0621865596790371	3988	248	IRF8_633
IRF2_634	0	0.2256	0.988447360147598	0.0806711827740144	218182	17601	0.0797392176529589	3988	318	IRF2_634
IRF7_635	0	0.0015	0.849393123638431	0.0690799424333813	218182	15072	0.0586760280842528	3988	234	IRF7_635
IRF9_636	0	0.2106	0.98215107195224	0.0525937061719115	218182	11475	0.0516549648946841	3988	206	IRF9_636
AC0021266_638	0	0.098	0.959622289262239	0.0898882584264513	218182	19612	0.086258776328987	3988	344	AC0021266_638
MEF2A_639	0	0.0829	0.959818050643158	0.11312115573237	218182	24681	0.108575727181545	3988	433	MEF2A_639
MEF2C_640	0	0.1264	0.977279838857013	0.166778194351505	218182	36388	0.162988966900702	3988	650	MEF2C_640
MEF2D_642	0	0.5157	1.02453395692656	0.103528247059794	218182	22588	0.106068204613842	3988	423	MEF2D_642
MEF2B_643	0	0.098	0.959622289262239	0.0898882584264513	218182	19612	0.086258776328987	3988	344	MEF2B_643
MBD2_644	0	0	0.769076408989584	0.0691211923990063	218182	15081	0.0531594784353059	3988	212	MBD2_644
MECP2_645	0	1e-04	0.797973049464643	0.0672466106278245	218182	14672	0.0536609829488465	3988	214	MECP2_645
CDC5L_646	0	0.0175	0.88592709373142	0.0517962068364943	218182	11301	0.0458876629889669	3988	183	CDC5L_646
MYBL2_647	0	4e-04	0.533463336923012	0.00846082628264476	218182	1846	0.0045135406218656	3988	18	MYBL2_647
MYB_648	0	0.2064	0.979156363098512	0.0427670476941269	218182	9331	0.0418756268806419	3988	167	MYB_648
MYPOP_652	0	0.1033	0.901402762423113	0.013630821974315	218182	2974	0.0122868605817452	3988	49	MYPOP_652
MYBL1_653	0	0.6333	1.10433069559439	0.0138508217909818	218182	3022	0.015295887662989	3988	61	MYBL1_653
C11orf9_654	0	0.0082	0.583145269140756	0.00472999605833662	218182	1032	0.00275827482447342	3988	11	C11orf9_654
NR1H3_656	0	0.1253	0.957869676016122	0.054188704842746	218182	11823	0.0519057171514544	3988	207	NR1H3_656
NR2E3_657	0	0.0018	0.892529219050449	0.124739896050087	218182	27216	0.111334002006018	3988	444	NR2E3_657
RARB_659	0	0.5714	1.03594632414392	0.0730995224170646	218182	15949	0.0757271815446339	3988	302	RARB_659
NR2E1_665	0	0.8654	1.05454791911968	0.0948749209375659	218182	20700	0.100050150451354	3988	399	NR2E1_665
NR5A2_667	0	0.0518	0.937088711818868	0.0797407668826943	218182	17398	0.0747241725175527	3988	298	NR5A2_667
NR4A3_668	0	0.6771	1.04155485905003	0.0895582587014511	218182	19540	0.0932798395185557	3988	372	NR4A3_668
ESRRB_669	0	0.0447	0.92305906146959	0.0613936988385843	218182	13395	0.0566700100300903	3988	226	ESRRB_669
NR2C1_670	0	0.3115	1.0028241547453	0.0765141029049142	218182	16694	0.0767301905717152	3988	306	NR2C1_670
NR4A1_671	0	0.0813	0.949393475006659	0.0755378537184552	218182	16481	0.0717151454363089	3988	286	NR4A1_671
THRA_672	0	0.0725	0.91388544867107	0.0304562246198128	218182	6645	0.0278335005015045	3988	111	THRA_672
NR1H2_674	0	0.1253	0.957869676016122	0.054188704842746	218182	11823	0.0519057171514544	3988	207	NR1H2_674
RARA_675	0	0.7389	1.05840829720853	0.0597024502479581	218182	13026	0.0631895687061184	3988	252	RARA_675
NR5A1_677	0	0.4321	1.01902001117662	0.078989100842416	218182	17234	0.0804914744232698	3988	321	NR5A1_677
RXRG_679	0	0.8143	1.06601921282288	0.0592762006031662	218182	12933	0.0631895687061184	3988	252	RXRG_679
NR1I2_682	0	0.2856	0.998721566928508	0.0740666049444959	218182	16160	0.0739719157472417	3988	295	NR1I2_682
NR6A1_683	0	0.0662	0.938701256668858	0.066247444793796	218182	14454	0.0621865596790371	3988	248	NR6A1_683
THRB_684	0	0.1794	0.966282923009411	0.0306212244823129	218182	6681	0.0295887662988967	3988	118	THRB_684
NR3C2_685	0	0.4091	1.02346902924524	0.0409153825705145	218182	8927	0.0418756268806419	3988	167	NR3C2_685
NR4A2_686	0	0.3781	1.01294519646935	0.071046190794841	218182	15501	0.0719658976930792	3988	287	NR4A2_686
HNF4G_688	0	0.9057	1.05567667803116	0.0999990833340972	218182	21818	0.105566700100301	3988	421	HNF4G_688
AR_689	0	0.641	1.07986564736225	0.0234528971225857	218182	5117	0.0253259779338014	3988	101	AR_689
RARG_690	0	0.3306	1.00763034403334	0.048028709976075	218182	10479	0.04839518555667	3988	193	RARG_690
ESRRA_691	0	0.0642	0.936675055842374	0.0642491131257391	218182	14018	0.0601805416248746	3988	240	ESRRA_691
NR2C2_693	0	0.059	0.92426923395267	0.0493762088531593	218182	10773	0.0456369107321966	3988	182	NR2C2_693
NR2F2_694	0	0.5969	1.03094579100418	0.108235326470561	218182	23615	0.111584754262788	3988	445	NR2F2_694
PPARA_696	0	0.2124	0.984292799065848	0.0647074460771283	218182	14118	0.063691073219659	3988	254	PPARA_696
ESRRG_697	0	0.1252	0.960937290407773	0.0628878642601131	218182	13721	0.0604312938816449	3988	241	ESRRG_697
RXRB_698	0	0.8657	1.07005414697584	0.0604586996177503	218182	13191	0.0646940822467402	3988	258	RXRB_698
AL8445277_699	0	0.0334	0.905820809410607	0.0514891237590635	218182	11234	0.0466399197592778	3988	186	AL8445277_699
AL6628245_700	0	0.0334	0.905820809410607	0.0514891237590635	218182	11234	0.0466399197592778	3988	186	AL6628245_700
CR7597334_701	0	0.0334	0.905820809410607	0.0514891237590635	218182	11234	0.0466399197592778	3988	186	CR7597334_701
CR3545653_702	0	0.0334	0.905820809410607	0.0514891237590635	218182	11234	0.0466399197592778	3988	186	CR3545653_702
CR9368773_703	0	0.0334	0.905820809410607	0.0514891237590635	218182	11234	0.0466399197592778	3988	186	CR9368773_703
TP63_704	0	0.2229	0.98682859455154	0.0675903603413664	218182	14747	0.0667001003009027	3988	266	TP63_704
TP73_705	0	0.2698	0.995918823261378	0.0684841095965753	218182	14942	0.0682046138415246	3988	272	TP73_705
PAX8_707	0	0.7914	1.08349652232055	0.0361028865809278	218182	7877	0.0391173520561685	3988	156	PAX8_707
PAX1_708	0	0.2386	0.983744859425026	0.0224308146409878	218182	4894	0.0220661985957874	3988	88	PAX1_708
PAX5_709	0	0.9232	1.07928382656957	0.0548303709746909	218182	11963	0.0591775325977934	3988	236	PAX5_709
PAX9_710	0	0.2403	0.985510149978555	0.0272249773125189	218182	5940	0.0268304914744233	3988	107	PAX9_710
LCOR_711	0	0.1196	0.959119848816837	0.0630070308274743	218182	13747	0.0604312938816449	3988	241	LCOR_711
PROX1_712	0	0.1154	0.920456427115205	0.0174349854708454	218182	3804	0.0160481444332999	3988	64	PROX1_712
NFKB2_714	0	0.0025	0.814131382241964	0.0400399666333611	218182	8736	0.0325977933801404	3988	130	NFKB2_714
NFATC4_715	0	0.0179	0.927493803747331	0.120307816410153	218182	26249	0.111584754262788	3988	445	NFATC4_715
NFATC2_716	0	0.7805	1.04619910815624	0.102822414314655	218182	22434	0.107572718154463	3988	429	NFATC2_716
NFAT5_717	0	0.0195	0.907690978235147	0.0737595218670651	218182	16093	0.066950852557673	3988	267	NFAT5_717
RELB_718	0	0.0079	0.884467616507048	0.070876607602827	218182	15464	0.0626880641925777	3988	250	RELB_718
NFKB1_719	0	0.0133	0.90622414933821	0.0857770118524901	218182	18715	0.0777331995987964	3988	310	NFKB1_719
REL_721	0	0.0354	0.911300819254994	0.0555820370149692	218182	12127	0.0506519558676028	3988	202	REL_721
RELA_722	0	0.003	0.870564340166314	0.0774811854323455	218182	16905	0.0674523570712136	3988	269	RELA_722
RFX3_723	0	0.0678	0.927096980734868	0.0459799616833653	218182	10032	0.0426278836509529	3988	170	RFX3_723
RFX4_725	0	9e-04	0.807174060983487	0.0478407934660054	218182	10438	0.0386158475426279	3988	154	RFX4_725
RFX1_726	0	0.561	1.04403683817082	0.0477949601708665	218182	10428	0.0498996990972919	3988	199	RFX1_726
RUNX3_731	0	0.0352	0.888670006409586	0.0355528870392608	218182	7757	0.0315947843530592	3988	126	RUNX3_731
RUNX2_732	0	0.0445	0.941335328084637	0.102822414314655	218182	22434	0.09679037111334	3988	386	RUNX2_732
RUNX1_733	0	0.7909	1.02628528024272	0.264609362825531	218182	57733	0.271564694082247	3988	1083	RUNX1_733
ENSG00000250096_734	0	0.0445	0.941335328084637	0.102822414314655	218182	22434	0.09679037111334	3988	386	ENSG00000250096_734
GMEB2_735	0	0.0519	0.807293048270806	0.00807582660347783	218182	1762	0.00651955867602808	3988	26	GMEB2_735
AIRE_736	0	0.0038	0.853952955465904	0.0575528687059427	218182	12557	0.0491474423269809	3988	196	AIRE_736
SMAD4_739	0	0.092	0.955398651454391	0.0816245153129039	218182	17809	0.0779839518555667	3988	311	SMAD4_739
NFIB_741	0	0.7529	1.05391426998906	0.0720911899240084	218182	15729	0.0759779338014042	3988	303	NFIB_741
NFIA_742	0	0.823	1.06127150255199	0.0694649421125482	218182	15156	0.0737211634904714	3988	294	NFIA_742
SMAD3_743	0	0.3733	1.02596584878875	0.0195524837062636	218182	4266	0.0200601805416249	3988	80	SMAD3_743
SMAD2_745	0	0.0094	0.897518876172025	0.0835357637201969	218182	18226	0.074974924774323	3988	299	SMAD2_745
SOX8_746	0	0.0799	0.940258782731696	0.0560037033302472	218182	12219	0.0526579739217653	3988	210	SOX8_746
SOX30_747	0	7e-04	0.829996506613859	0.0643499463750447	218182	14040	0.0534102306920762	3988	213	SOX30_747
TCF7_750	0	0.8831	1.07199885151052	0.0598812000989999	218182	13065	0.0641925777331996	3988	256	TCF7_750
SOX10_751	0	0.0594	0.936117249285264	0.0683053597455335	218182	14903	0.0639418254764293	3988	255	SOX10_751
HBP1_752	0	0.0049	0.846133549543925	0.0477124602396165	218182	10410	0.0403711133400201	3988	161	HBP1_752
BBX_753	0	0.2018	0.968197774067838	0.0194241504798746	218182	4238	0.0188064192577733	3988	75	BBX_753
SOX4_754	0	0.0059	0.886174721949309	0.080643682796931	218182	17595	0.0714643931795386	3988	285	SOX4_754
SOX21_755	0	0.0209	0.900233235232999	0.061279115600737	218182	13370	0.0551654964894684	3988	220	SOX21_755
SOX9_756	0	0.0705	0.938485579052192	0.0614532821222649	218182	13408	0.0576730190571715	3988	230	SOX9_756
SOX15_757	0	0.0032	0.85451544401559	0.0607428660476116	218182	13253	0.0519057171514544	3988	207	SOX15_757
SOX5_758	0	0.0152	0.872936699020043	0.0448112126573228	218182	9777	0.0391173520561685	3988	156	SOX5_758
SOX3_759	0	3e-04	0.804749518771675	0.0563978696684419	218182	12305	0.0453861584754263	3988	181	SOX3_759
LEF1_760	0	0.6909	1.04390853290859	0.085272845605962	218182	18605	0.0890170511534604	3988	355	LEF1_760
SOX13_761	0	0.0849	0.896144617308108	0.0167887360093867	218182	3663	0.0150451354062187	3988	60	SOX13_761
TCF7L2_762	0	0.14	0.968431046057657	0.074570771191024	218182	16270	0.0722166499498496	3988	288	TCF7L2_762
TCF7L1_763	0	0.3029	1.00143468960824	0.0801257665618612	218182	17482	0.0802407221664995	3988	320	TCF7L1_763
SOX17_764	0	0.1617	0.972222807355832	0.0652528622892814	218182	14237	0.0634403209628887	3988	253	SOX17_764
SOX14_765	0	0.1288	0.954503554541602	0.0438716301069749	218182	9572	0.0418756268806419	3988	167	SOX14_765
SOX7_766	0	0.0727	0.939449986131159	0.0611232823972647	218182	13336	0.0574222668004012	3988	229	SOX7_766
SOX11_767	0	1e-04	0.813282261217507	0.0764636862802614	218182	16683	0.0621865596790371	3988	248	SOX11_767
SOX12_768	0	0.0103	0.892098056477366	0.0730811890990091	218182	15945	0.0651955867602808	3988	260	SOX12_768
SOX2_769	0	0.0081	0.873766929985234	0.0594045338295551	218182	12961	0.0519057171514544	3988	207	SOX2_769
SRY_771	0	0	0.794319422355464	0.107016160819866	218182	23349	0.0850050150451354	3988	339	SRY_771
SOX18_772	0	0.0103	0.880036360910639	0.0595512003739997	218182	12993	0.052407221664995	3988	209	SOX18_772
STAT5A_774	0	0.6176	1.04748647101686	0.0552978705851078	218182	12065	0.0579237713139418	3988	231	STAT5A_774
STAT4_775	0	0.0394	0.902644402029745	0.0427807976826686	218182	9334	0.0386158475426279	3988	154	STAT4_775
STAT6_776	0	0.4858	1.02380925616717	0.0879265933945055	218182	19184	0.0900200601805416	3988	359	STAT6_776
STAT2_778	0	0.6978	1.0266693259135	0.203206497327919	218182	44336	0.208625877632899	3988	832	STAT2_778
TBX21_780	0	0.6802	1.09071158331835	0.0216103986580011	218182	4715	0.0235707121364092	3988	94	TBX21_780
TBX15_782	0	0.3314	1.00836435581928	0.0427716310236408	218182	9332	0.0431293881644935	3988	172	TBX15_782
TBX2_783	0	0.9168	1.09940771690312	0.0355803870163442	218182	7763	0.0391173520561685	3988	156	TBX2_783
TBX19_787	0	0.2502	0.988315599633815	0.0256253953121706	218182	5591	0.0253259779338014	3988	101	TBX19_787
EOMES_788	0	0.7928	1.06743673980107	0.0537945385045512	218182	11737	0.0574222668004012	3988	229	EOMES_788
T_789	0	0.3246	1.00675506592979	0.0450816290986424	218182	9836	0.0453861584754263	3988	181	T_789
TBX20_790	0	0.1187	0.95629017248593	0.0561137032385806	218182	12243	0.0536609829488465	3988	214	TBX20_790
TBX10_791	0	0.0959	0.950538041866221	0.0630482807930993	218182	13756	0.0599297893681043	3988	239	TBX10_791
TBX1_792	0	0.0647	0.947292751617297	0.0902640914465905	218182	19694	0.085506519558676	3988	341	TBX1_792
TBP_793	0	7e-04	0.820580325461973	0.0586712011073324	218182	12801	0.0481444332998997	3988	192	TBP_793
TBPL2_794	0	0.0835	0.957851122753926	0.102881997598335	218182	22447	0.0985456369107322	3988	393	TBPL2_794
TEAD3_795	0	0.001	0.83270643086463	0.0614303654746954	218182	13403	0.0511534603811434	3988	204	TEAD3_795
TEAD1_796	0	0	0.706479556308029	0.0677920268399776	218182	14791	0.0478936810431294	3988	191	TEAD1_796
TEAD4_797	0	0	0.771034918311927	0.0666691111090741	218182	14546	0.0514042126379137	3988	205	TEAD4_797
PRKRIR_799	0	0.0084	0.818287409782591	0.0281920598399501	218182	6151	0.0230692076228686	3988	92	PRKRIR_799
CBFB_801	0	0.1361	0.968908968681531	0.0817803485163762	218182	17843	0.0792377131394183	3988	316	CBFB_801
HLTF_802	0	0.6302	1.0379217772477	0.0876974269188109	218182	19134	0.0910230692076229	3988	363	HLTF_802
ENO1_803	0	0.0593	0.93434934301847	0.0649457792118507	218182	14170	0.0606820461384152	3988	242	ENO1_803
EP300_804	0	0.5267	1.03006383844918	0.0776553519538734	218182	16943	0.0799899699097292	3988	319	EP300_804
NRF1_805	0	0.5963	1.06445812755843	0.0285037262468948	218182	6219	0.0303410230692076	3988	121	NRF1_805
LMO2_808	0	9e-04	0.891785383424459	0.142839464300446	218182	31165	0.127382146439318	3988	508	LMO2_808
FUBP1_809	0	0	0.801953737325144	0.174473604605329	218182	38067	0.139919759277834	3988	558	FUBP1_809
SPZ1_810	0	1e-04	0.827568147005041	0.0918086734927721	218182	20031	0.0759779338014042	3988	303	SPZ1_810
NR0B1_811	0	0.0027	0.88107027420948	0.0933486722094398	218182	20367	0.082246740220662	3988	328	NR0B1_811
BPTF_812	0	5e-04	0.871076301340373	0.116297403085497	218182	25374	0.101303911735206	3988	404	BPTF_812
PURA_813	0	0	0.844963900943459	0.246014794987671	218182	53676	0.207873620862588	3988	829	PURA_813
TOPORS_814	0	0	0.825512195180294	0.0999349167209027	218182	21804	0.0824974924774323	3988	329	TOPORS_814
CPEB1_815	0	4e-04	0.873329895699331	0.122888230926474	218182	26812	0.107321965897693	3988	428	CPEB1_815
ZBED1_816	0	0.1464	0.881319920107286	0.0036987469177109	218182	807	0.00325977933801404	3988	13	ZBED1_816
ZNF350_817	0	3e-04	0.847249135451333	0.0929315892236756	218182	20276	0.0787362086258776	3988	314	ZNF350_817
LYL1_818	0	0.1248	0.969392622615957	0.100622416147987	218182	21954	0.097542627883651	3988	389	LYL1_818
SOHLH2_819	0	0.1836	0.961504901347276	0.0208633159472367	218182	4552	0.0200601805416249	3988	80	SOHLH2_819
NEUROD4_820	0	1e-04	0.693096647626328	0.027857476785436	218182	6078	0.0193079237713139	3988	77	NEUROD4_820
NEUROD6_821	0	1e-04	0.693096647626328	0.027857476785436	218182	6078	0.0193079237713139	3988	77	NEUROD6_821
TAL2_822	0	0.032	0.92511554019049	0.0823990980007517	218182	17978	0.0762286860581745	3988	304	TAL2_822
C13orf38SOHLH2_823	0	0.1836	0.961504901347276	0.0208633159472367	218182	4552	0.0200601805416249	3988	80	C13orf38SOHLH2_823
HIVEP3_824	0	0.004	0.881117043933367	0.0842370131358224	218182	18379	0.074222668004012	3988	296	HIVEP3_824
BCL11B_825	0	0.6286	1.02469062015052	0.181330265558112	218182	39563	0.1858074222668	3988	741	BCL11B_825
KLF10_826	0	0	0.681903332240249	0.0478041268298943	218182	10430	0.0325977933801404	3988	130	KLF10_826
NANOGP1_835	0	0.112	0.942057346544903	0.0356674702771081	218182	7782	0.0336008024072217	3988	134	NANOGP1_835
AL7735441_836	0	0.0197	0.921762816147371	0.100109083242431	218182	21842	0.0922768304914744	3988	368	AL7735441_836
CR3882292_837	0	0.0197	0.921762816147371	0.100109083242431	218182	21842	0.0922768304914744	3988	368	CR3882292_837
AL6628334_838	0	0.0197	0.921762816147371	0.100109083242431	218182	21842	0.0922768304914744	3988	368	AL6628334_838
CR7598154_839	0	0.0197	0.921762816147371	0.100109083242431	218182	21842	0.0922768304914744	3988	368	CR7598154_839
BX0885802_840	0	0.0197	0.921762816147371	0.100109083242431	218182	21842	0.0922768304914744	3988	368	BX0885802_840
MYF5_842	0	0.7602	1.04143777877555	0.117498235418137	218182	25636	0.122367101303912	3988	488	MYF5_842
ASCL1_843	0	0.0021	0.88906731889689	0.113661988615009	218182	24799	0.101053159478435	3988	403	ASCL1_843
ATOH1_844	0	0.4723	1.02285926222824	0.0845761795198504	218182	18453	0.0865095285857573	3988	345	ATOH1_844
KLF2_846	0	0	0.777747727257738	0.124771979356684	218182	27223	0.0970411233701103	3988	387	KLF2_846
KLF11_847	0	0	0.663195835051287	0.0933899221750649	218182	20376	0.0619358074222668	3988	247	KLF11_847
ZNF187_849	0	0.0975	0.897762206870036	0.0139654050288291	218182	3047	0.0125376128385155	3988	50	ZNF187_849
ZFP161_850	0	0.0301	0.887704736785312	0.0389812175156521	218182	8505	0.0346038114343029	3988	138	ZFP161_850
ZNF75C_851	0	0.9537	1.05993265191814	0.0967586693677755	218182	21111	0.102557673019057	3988	409	ZNF75C_851
DMRTC2_852	0	0.0137	0.840522797459825	0.0298328918059235	218182	6509	0.0250752256770311	3988	100	DMRTC2_852
DUX1_859	0	0.0029	0.851495412404506	0.0597803668496943	218182	13043	0.0509027081243731	3988	203	DUX1_859
DUX3_860	0	0.0029	0.851495412404506	0.0597803668496943	218182	13043	0.0509027081243731	3988	203	DUX3_860
PBX4_861	0	0.0217	0.882132554447048	0.0432070473274606	218182	9427	0.0381143430290873	3988	152	PBX4_861
NKX62_862	0	1e-04	0.784724845747322	0.0578370351358041	218182	12619	0.0453861584754263	3988	181	NKX62_862
HOXA4_863	0	0.7554	1.04741533777899	0.0914511737906885	218182	19953	0.0957873620862588	3988	382	HOXA4_863
CR8477943_864	0	0.0197	0.921762816147371	0.100109083242431	218182	21842	0.0922768304914744	3988	368	CR8477943_864
SMAD5_866	0	0	0.796346806311862	0.0831278473934605	218182	18137	0.0661985957873621	3988	264	SMAD5_866
SOX6_868	0	0.0152	0.872936699020043	0.0448112126573228	218182	9777	0.0391173520561685	3988	156	SOX6_868
TBX18_869	0	0.3314	1.00836435581928	0.0427716310236408	218182	9332	0.0431293881644935	3988	172	TBX18_869
TBX22_870	0	0.3314	1.00836435581928	0.0427716310236408	218182	9332	0.0431293881644935	3988	172	TBX22_870
