	mlog10Padj	mlog10p	Enrichment	BackgroundProporition	nBackground	BackgroundFrequency	CompareProportion	nCompare	CompareFrequency	feature
ZBTB7A_258	1044.83775749056	1045.792	1.87312322381207	0.187531510390408	218182	40916	0.351269627308827	27449	9642	ZBTB7A_258
WT1_266	944.749657490561	945.7039	1.73732952333194	0.221544398713001	218182	48337	0.384895624612918	27449	10565	WT1_266
ZNF148_222	839.018557490561	839.9728	1.55001215978546	0.302353081372432	218182	65968	0.468650952675872	27449	12864	ZNF148_222
SP1_267	837.566457490561	838.5207	1.58561878434626	0.27849226792311	218182	60762	0.441582571314073	27449	12121	SP1_267
SP2_232	835.716757490561	836.671	1.5774055333581	0.283268097276586	218182	61804	0.446828664067908	27449	12265	SP2_232
ZFX_158	712.220557490561	713.1748	1.70755209909421	0.189969841691799	218182	41448	0.324383401945426	27449	8904	ZFX_158
KLF15_223	698.756757490561	699.711	1.590386686784	0.242769797691835	218182	52968	0.386097854202339	27449	10598	KLF15_223
MAZ_178	681.138857490561	682.0931	1.43549306252446	0.353603871996773	218182	77150	0.507595905133156	27449	13933	MAZ_178
EGR1_195	664.281057490561	665.2353	1.8689260605764	0.131110724074397	218182	28606	0.245036249043681	27449	6726	EGR1_195
KLF6_165	648.351257490561	649.3055	1.8576347199007	0.131142807380994	218182	28613	0.243615432256184	27449	6687	KLF6_165
DNMT1_301	622.825257490561	623.7795	2.01299697561441	0.0969328358893034	218182	21149	0.195125505482896	27449	5356	DNMT1_301
KLF5_175	612.558357490561	613.5126	1.54270558090262	0.248242293131422	218182	54162	0.38296477102991	27449	10512	KLF5_175
SMAD5_866	588.487957490561	589.4422	2.07864374571804	0.0831278473934605	218182	18137	0.17279318007942	27449	4743	SMAD5_866
CTCFL_198	582.513657490561	583.4679	1.64734312657553	0.18539109550742	218182	40449	0.305402746912456	27449	8383	CTCFL_198
KLF16_205	558.169957490561	559.1242	1.63435528066056	0.18481359598867	218182	40323	0.302051076541951	27449	8291	KLF16_205
PURA_813	524.706657490561	525.6609	1.50425150797108	0.246014794987671	218182	53676	0.3700681263434	27449	10158	PURA_813
ZNF263_159	515.013757490561	515.968	1.39947691317123	0.330476391269674	218182	72104	0.462494079930052	27449	12695	ZNF263_159
PATZ1_172	497.472557490561	498.4268	1.6201937231195	0.174579021184149	218182	38090	0.282851834310904	27449	7764	PATZ1_172
TFAP2D_2	494.645057490561	495.5993	1.64313837196887	0.164381113015739	218182	35865	0.270100914423112	27449	7414	TFAP2D_2
MBD2_644	490.907457490561	491.8617	2.09191170622281	0.0691211923990063	218182	15081	0.14459543152756	27449	3969	MBD2_644
KLF4_208	472.021557490561	472.9758	1.50394646211043	0.227896893419255	218182	49723	0.342744726583846	27449	9408	KLF4_208
SP3_247	450.894357490561	451.8486	1.55200908165601	0.192600672832773	218182	42022	0.298917993369522	27449	8205	SP3_247
MECP2_645	387.462957490561	388.4172	1.9763228985028	0.0672466106278245	218182	14672	0.132901016430471	27449	3648	MECP2_645
PLAG1_264	352.495157490561	353.4494	1.6007350766168	0.138329468058777	218182	30181	0.221428831651426	27449	6078	PLAG1_264
PLAGL1_190	352.447257490561	353.4015	1.77067602301309	0.0919690900257583	218182	20066	0.162847462566942	27449	4470	PLAGL1_190
ZNF740_209	337.318357490561	338.2726	1.61359803608935	0.128805309328909	218182	28103	0.207839994171008	27449	5705	ZNF740_209
SP8_226	336.280157490561	337.2344	1.55658587327865	0.150163624863646	218182	32763	0.233742577143065	27449	6416	SP8_226
SP7_241	336.280157490561	337.2344	1.55658587327865	0.150163624863646	218182	32763	0.233742577143065	27449	6416	SP7_241
SP9_283	336.280157490561	337.2344	1.55658587327865	0.150163624863646	218182	32763	0.233742577143065	27449	6416	SP9_283
SP4_180	328.074457490561	329.0287	1.64864508944156	0.114885737595219	218182	25066	0.189405807133229	27449	5199	SP4_180
E2F6_317	317.195657490561	318.1499	1.63934356944084	0.114248654792788	218182	24927	0.187292797551823	27449	5141	E2F6_317
SP6_275	311.299357490561	312.2536	1.61568460043778	0.11957448368793	218182	26089	0.193194651899887	27449	5303	SP6_275
SP5_279	311.299357490561	312.2536	1.61568460043778	0.11957448368793	218182	26089	0.193194651899887	27449	5303	SP5_279
ZNF219_229	309.986157490561	310.9404	1.53247340810785	0.150553207872327	218182	32848	0.230718787569675	27449	6333	ZNF219_229
ZFY_166	307.059957490561	308.0142	1.49423261576424	0.167937776718519	218182	36641	0.250938103391745	27449	6888	ZFY_166
ZFP161_850	289.736257490561	290.6905	2.14393437123915	0.0389812175156521	218182	8505	0.0835731720645561	27449	2294	ZFP161_850
ZNF281_221	281.839757490561	282.794	1.51192792954676	0.148069043275797	218182	32306	0.223869722029946	27449	6145	ZNF281_221
KLF7_189	276.596257490561	277.5505	1.58985223091327	0.115811570157025	218182	25268	0.184123283179715	27449	5054	KLF7_189
ZIC5_210	257.685057490561	258.6393	1.74969255813852	0.0726045228295643	218182	15841	0.127035593282087	27449	3487	ZIC5_210
KLF14_251	250.776857490561	251.7311	1.63724030916143	0.0933899221750649	218182	20376	0.152901745054465	27449	4197	KLF14_251
KLF11_847	250.776857490561	251.7311	1.63724030916143	0.0933899221750649	218182	20376	0.152901745054465	27449	4197	KLF11_847
E2F4_318	245.208057490561	246.1623	1.79222533950201	0.0630757807701827	218182	13762	0.113046012605195	27449	3103	E2F4_318
CTCF_177	241.566757490561	242.521	1.39781809604351	0.193595255337287	218182	42239	0.270610951218624	27449	7428	CTCF_177
ZIC4_252	231.135957490561	232.0902	1.66568602497937	0.0805749328542226	218182	17580	0.13421253961893	27449	3684	ZIC4_252
NR0B1_811	224.610257490561	225.5645	1.60127839793189	0.0933486722094398	218182	20367	0.149477212284601	27449	4103	NR0B1_811
GLIS2_201	206.281457490561	207.2357	1.83429969425816	0.0490370424691313	218182	10699	0.089948632008452	27449	2469	GLIS2_201
EGR2_196	202.935757490561	203.89	1.71370116227323	0.0634149471542107	218182	13836	0.108674268643666	27449	2983	EGR2_196
KLF2_846	192.035757490561	192.99	1.46545876833636	0.124771979356684	218182	27223	0.182848191190936	27449	5019	KLF2_846
KLF1_179	168.075657490561	169.0299	1.36201342273861	0.167442777131019	218182	36533	0.228059309993078	27449	6260	KLF1_179
INSM1_248	152.365157490561	153.3194	1.45945307364061	0.104142413214656	218182	22722	0.151990965062479	27449	4172	INSM1_248
ARNT2_76	146.300257490561	147.2545	1.50961215916447	0.084127013227489	218182	18355	0.126999162082407	27449	3486	ARNT2_76
TFAP2B_1	141.967557490561	142.9218	1.54233107829441	0.0734845220962316	218182	16033	0.11333746220263	27449	3111	TFAP2B_1
RREB1_200	133.068157490561	134.0224	1.3001756723641	0.185886095094921	218182	40557	0.241684578673176	27449	6634	RREB1_200
LMO2_808	132.328557490561	133.2828	1.35304003865997	0.142839464300446	218182	31165	0.193267514299246	27449	5305	LMO2_808
EGR4_207	129.616657490561	130.5709	1.54577937604346	0.0668157776535186	218182	14578	0.103282451091114	27449	2835	EGR4_207
TFAP2C_3	129.306057490561	130.2603	1.33827770461576	0.150159041534132	218182	32762	0.2009544974316	27449	5516	TFAP2C_3
SPZ1_810	128.664457490561	129.6187	1.45274533387963	0.0918086734927721	218182	20031	0.133374622026303	27449	3661	SPZ1_810
TFAP2A_5	118.310357490561	119.2646	1.46764178997283	0.0804511829573475	218182	17553	0.118073518160953	27449	3241	TFAP2A_5
NEUROD1_63	115.907457490561	116.8617	1.34497968888476	0.132508639576134	218182	28911	0.178221428831651	27449	4892	NEUROD1_63
TCF12_56	98.2480574905607	99.2023	1.27197000653723	0.169729858558451	218182	37032	0.215891289300157	27449	5926	TCF12_56
EPAS1_36	86.7871574905607	87.7414	1.36338643194301	0.0940315883070098	218182	20516	0.128201391671828	27449	3519	EPAS1_36
MZF1_171	83.4732574905607	84.4275	1.33586626623006	0.103986580011183	218182	22688	0.138912164377573	27449	3813	MZF1_171
EGR3_259	83.1733574905607	84.1276	1.60676634420537	0.0363458030451641	218182	7930	0.0583992130860869	27449	1603	EGR3_259
ZBTB1_203	75.9058574905607	76.8601	1.71770026779586	0.0245391462173782	218182	5354	0.0421508980290721	27449	1157	ZBTB1_203
HIF1A_24	73.5063574905607	74.4606	1.72058332157329	0.0236087303260581	218182	5151	0.0406207876425371	27449	1115	HIF1A_24
HES1_34	73.2197574905607	74.174	1.46290428147158	0.0523966230028142	218182	11432	0.076651244125469	27449	2104	HES1_34
SNAI1_199	72.0160574905607	72.9703	1.2783235394672	0.125624478646268	218182	27409	0.160588728186819	27449	4408	SNAI1_199
GLIS1_250	71.1711574905607	72.1254	1.58514442880604	0.0333941388382176	218182	7286	0.0529345331341761	27449	1453	GLIS1_250
EBF1_67	71.1404574905607	72.0947	1.25907079903575	0.140103216580653	218182	30568	0.176399868847681	27449	4842	EBF1_67
ZNF350_817	70.7677574905607	71.722	1.3289535662188	0.0929315892236756	218182	20276	0.123501766913184	27449	3390	ZNF350_817
ATOH8_71	64.3783574905607	65.3326	1.27478651195024	0.11637073635772	218182	25390	0.148347845094539	27449	4072	ATOH8_71
MYOG_41	62.8143574905607	63.7686	1.23003226727301	0.153303205580662	218182	33448	0.188567889540603	27449	5176	MYOG_41
NHLH1_74	62.2752574905607	63.2295	1.29399703007231	0.100622416147987	218182	21954	0.130205107654195	27449	3574	NHLH1_74
LYL1_818	62.2752574905607	63.2295	1.29399703007231	0.100622416147987	218182	21954	0.130205107654195	27449	3574	LYL1_818
ZNF202_230	61.2957574905607	62.25	1.37320973454976	0.0651841123465731	218182	14222	0.0895114576122992	27449	2457	ZNF202_230
SOHLH2_819	61.2324574905607	62.1867	1.69903755365198	0.0208633159472367	218182	4552	0.0354475572880615	27449	973	SOHLH2_819
C13orf38SOHLH2_823	61.2324574905607	62.1867	1.69903755365198	0.0208633159472367	218182	4552	0.0354475572880615	27449	973	C13orf38SOHLH2_823
TFDP2_308	61.1112574905607	62.0655	1.60225652761351	0.0273303938913384	218182	5963	0.0437903020146453	27449	1202	TFDP2_308
TFDP3_309	61.1112574905607	62.0655	1.60225652761351	0.0273303938913384	218182	5963	0.0437903020146453	27449	1202	TFDP3_309
TFDP1_310	61.1112574905607	62.0655	1.60225652761351	0.0273303938913384	218182	5963	0.0437903020146453	27449	1202	TFDP1_310
ZBTB7B_216	60.2171574905607	61.1714	1.56184900525789	0.0305799745166879	218182	6672	0.0477613027797005	27449	1311	ZBTB7B_216
MYC_55	59.6161574905607	60.5704	1.45047441814993	0.0452603789496842	218182	9875	0.0656490218222886	27449	1802	MYC_55
KLF13_238	59.0875574905607	60.0418	1.4350214834051	0.0478041268298943	218182	10430	0.0685999489963205	27449	1883	KLF13_238
KLF10_826	59.0875574905607	60.0418	1.4350214834051	0.0478041268298943	218182	10430	0.0685999489963205	27449	1883	KLF10_826
HES4_95	54.8351574905607	55.7894	1.56666383758384	0.0274862270948108	218182	5997	0.0430616780210572	27449	1182	HES4_95
ZBTB33_255	54.0172574905607	54.9715	1.68793343808827	0.0189933175055687	218182	4144	0.0320594557178768	27449	880	ZBTB33_255
NRF1_805	52.0175574905607	52.9718	1.5401353224288	0.0285037262468948	218182	6219	0.0438995956136836	27449	1205	NRF1_805
ZBTB7C_265	46.7556574905607	47.7099	1.45228194665442	0.0355712203573164	218182	7761	0.0516594411453969	27449	1418	ZBTB7C_265
E2F2_311	44.1169574905607	45.0712	1.77510703819116	0.0124987395843837	218182	2727	0.0221866006047579	27449	609	E2F2_311
MYF5_842	39.0703574905607	40.0246	1.21108428089459	0.117498235418137	218182	25636	0.142300265947758	27449	3906	MYF5_842
REST_168	38.4277574905607	39.382	1.23303499445216	0.0975607520327066	218182	21286	0.120295821341397	27449	3302	REST_168
GLIS3_183	35.4304574905607	36.3847	1.38075745208245	0.0373083022430815	218182	8140	0.0515137163466793	27449	1414	GLIS3_183
HIC1_254	33.1840574905607	34.1383	1.29818350163128	0.0548074543271214	218182	11958	0.0711501329738788	27449	1953	HIC1_254
MYOD1_48	32.9961574905607	33.9504	1.19087096673622	0.1202573997855	218182	26238	0.143211045939743	27449	3931	MYOD1_48
TCFL5_25	32.5569574905607	33.5112	1.51695723541585	0.0195249837291802	218182	4260	0.0296185653393566	27449	813	TCFL5_25
KLF8_174	32.2531574905607	33.2074	1.2414197543427	0.0780907682576931	218182	17038	0.0969434223468979	27449	2661	KLF8_174
ZIC2_162	32.0428574905607	32.9971	1.27311692742436	0.0621820315149737	218182	13567	0.079164996903348	27449	2173	ZIC2_162
NFKB2_714	30.2949574905607	31.2492	1.33751019372991	0.0400399666333611	218182	8736	0.053553863528726	27449	1470	NFKB2_714
ZNF524_243	30.1888574905607	31.1431	1.28396884636026	0.0547616210319825	218182	11948	0.0703122153812525	27449	1930	ZNF524_243
E2F5_315	29.8448574905607	30.7991	1.5934014627247	0.0138783217680652	218182	3028	0.0221137382053991	27449	607	E2F5_315
TFAP2E_4	29.5547574905607	30.509	1.25301887042782	0.0661741115215737	218182	14438	0.0829174104703268	27449	2276	TFAP2E_4
TEAD1_796	28.4150574905607	29.3693	1.24461035302379	0.0677920268399776	218182	14791	0.084374658457503	27449	2316	TEAD1_796
ASCL1_843	28.2518574905607	29.2061	1.18208616666685	0.113661988615009	218182	24799	0.134358264417647	27449	3688	ASCL1_843
TFCP2L1_858	27.8482574905607	28.8025	1.2251899236398	0.0771924356729703	218182	16842	0.0945753943677365	27449	2596	TFCP2L1_858
ZNF423_176	27.8457574905607	28.8	1.28842793552794	0.0492845422628814	218182	10753	0.0634995810412037	27449	1743	ZNF423_176
ZBTB4_249	27.0564574905607	28.0107	1.31986997735166	0.0396366336361386	218182	8648	0.0523152027396262	27449	1436	ZBTB4_249
ATF6_116	25.7003574905607	26.6546	1.31978379151633	0.0377345518878734	218182	8233	0.0498014499617472	27449	1367	ATF6_116
ETS2_340	25.0985574905607	26.0528	1.16638860032001	0.119533233722305	218182	26080	0.139422201173085	27449	3827	ETS2_340
RFX3_723	23.7405574905607	24.6948	1.27564768078227	0.0459799616833653	218182	10032	0.0586542314838428	27449	1610	RFX3_723
GLI2_167	22.3836574905607	23.3379	1.22782304637475	0.0616274486437928	218182	13446	0.0756676017341251	27449	2077	GLI2_167
TWIST1_42	21.5218574905607	22.4761	1.16463724040262	0.106168244859796	218182	23164	0.123647491711902	27449	3394	TWIST1_42
HIVEP2_160	21.2237574905607	22.178	1.23828336323198	0.0539870383441347	218182	11779	0.066851251411709	27449	1835	HIVEP2_160
RELA_722	20.7231574905607	21.6774	1.19288254394811	0.0774811854323455	218182	16905	0.0924259535866516	27449	2537	RELA_722
MLL_300	20.3555574905607	21.3098	1.46660967018029	0.0148545709545242	218182	3241	0.0217858574082845	27449	598	MLL_300
RELB_718	20.3409574905607	21.2952	1.20072454550853	0.070876607602827	218182	15464	0.0851032824510911	27449	2336	RELB_718
NHLH2_80	20.2536574905607	21.2079	1.15353350841212	0.113538238718134	218182	24772	0.130970162847463	27449	3595	NHLH2_80
TEAD4_797	20.0359574905607	20.9902	1.20601064503325	0.0666691111090741	218182	14546	0.0804036576924478	27449	2207	TEAD4_797
ZIC3_215	19.6854574905607	20.6397	1.21960164464195	0.0583687013594155	218182	12735	0.0711865641735582	27449	1954	ZIC3_215
AHRR_17	19.6693574905607	20.6236	1.26831223319317	0.0403287163927363	218182	8799	0.0511494043498852	27449	1404	AHRR_17
AHR_28	19.6693574905607	20.6236	1.26831223319317	0.0403287163927363	218182	8799	0.0511494043498852	27449	1404	AHR_28
HEY1_68	19.6211574905607	20.5754	1.32370208378518	0.0283753930205058	218182	6191	0.037560566869467	27449	1031	HEY1_68
RFX2_724	19.5611574905607	20.5154	1.1806121197246	0.0826374311354741	218182	18030	0.0975627527414478	27449	2678	RFX2_724
GLI1_186	18.6180574905607	19.5723	1.17885136170072	0.0803503497080419	218182	17531	0.0947211191664541	27449	2600	GLI1_186
ZIC1_213	17.9084574905607	18.8627	1.25011250460583	0.0419649650291958	218182	9156	0.0524609275383438	27449	1440	ZIC1_213
MXI1_40	17.5652574905607	18.5195	1.24275832096771	0.0435324637229469	218182	9498	0.0541003315239171	27449	1485	MXI1_40
ASCL2_89	17.2897574905607	18.244	1.16446790409776	0.0871932606722828	218182	19024	0.101533753506503	27449	2787	ASCL2_89
GCM2_389	16.5078574905607	17.4621	1.39403394007153	0.0165687361927198	218182	3615	0.0230973805967431	27449	634	GCM2_389
CXXC1_303	15.9356574905607	16.8899	1.37350713721179	0.0176916519236234	218182	3860	0.0242996101861634	27449	667	CXXC1_303
REL_721	15.8219574905607	16.7762	1.20143831710172	0.0555820370149692	218182	12127	0.0667783890123502	27449	1833	REL_721
TCF4_97	15.6861574905607	16.6404	1.13542627629906	0.112429072975773	218182	24530	0.127654923676637	27449	3504	TCF4_97
HINFP_245	15.5407574905607	16.495	1.57102373814111	0.00779166017361652	218182	1700	0.0122408830922802	27449	336	HINFP_245
CGBP_298	15.3342574905607	16.2885	1.48009009812555	0.0106333244722296	218182	2320	0.0157382782615032	27449	432	CGBP_298
HEYL_65	15.1795574905607	16.1338	1.27960931954247	0.0290399758000202	218182	6336	0.0371598236729936	27449	1020	HEYL_65
NFKB1_719	14.7779574905607	15.7322	1.15311439502791	0.0857770118524901	218182	18715	0.0989107071295858	27449	2715	NFKB1_719
RFX4_725	13.9456574905607	14.8999	1.20470739963318	0.0478407934660054	218182	10438	0.0576341578928194	27449	1582	RFX4_725
GABPA_338	13.9381574905607	14.8924	1.20659257455005	0.047011210823991	218182	10257	0.0567233779008343	27449	1557	GABPA_338
NPAS2_72	13.4721574905607	14.4264	1.24850580942992	0.0322437231302307	218182	7035	0.040256475645743	27449	1105	NPAS2_72
KLF3_184	13.3261574905607	14.2804	1.1436760647681	0.0874086771594357	218182	19071	0.0999672119202885	27449	2744	KLF3_184
ELK4_341	13.0703574905607	14.0246	1.18566643216614	0.0538632884472596	218182	11752	0.0638638930379977	27449	1753	ELK4_341
TFCP2_392	12.8353574905607	13.7896	1.1517755378247	0.0765141029049142	218182	16694	0.0881270720244818	27449	2419	TFCP2_392
HEY2_54	12.7434574905607	13.6977	1.27608317853737	0.0250662291114757	218182	5469	0.031986593318518	27449	878	HEY2_54
MYCL1_37	12.3661574905607	13.3204	1.23932744963339	0.0318358068034943	218182	6946	0.0394549892527961	27449	1083	MYCL1_37
E2F1_312	12.1812574905607	13.1355	1.49092984565315	0.00811249323958897	218182	1770	0.0120951582935626	27449	332	E2F1_312
MAX_14	11.7258574905607	12.6801	1.20816237158587	0.0392608006159995	218182	8566	0.0474334219825859	27449	1302	MAX_14
CENPB_289	11.2854574905607	12.2397	1.41277929230736	0.0104179079850767	218182	2273	0.0147182046704798	27449	404	CENPB_289
TFAP4_23	11.0544574905607	12.0087	1.10237297417479	0.133778221851482	218182	29188	0.147473496302233	27449	4048	TFAP4_23
MYCN_52	10.6341574905607	11.5884	1.21326279951805	0.034141221548982	218182	7449	0.041422274035484	27449	1137	MYCN_52
AL8445277_699	10.5371574905607	11.4914	1.17028995388817	0.0514891237590635	218182	11234	0.0602572042697366	27449	1654	AL8445277_699
AL6628245_700	10.5371574905607	11.4914	1.17028995388817	0.0514891237590635	218182	11234	0.0602572042697366	27449	1654	AL6628245_700
CR7597334_701	10.5371574905607	11.4914	1.17028995388817	0.0514891237590635	218182	11234	0.0602572042697366	27449	1654	CR7597334_701
CR3545653_702	10.5371574905607	11.4914	1.17028995388817	0.0514891237590635	218182	11234	0.0602572042697366	27449	1654	CR3545653_702
CR9368773_703	10.5371574905607	11.4914	1.17028995388817	0.0514891237590635	218182	11234	0.0602572042697366	27449	1654	CR9368773_703
ELF1_329	10.5061574905607	11.4604	1.14768680325362	0.0667241110632408	218182	14558	0.0765783817261102	27449	2102	ELF1_329
HIVEP1_170	10.2010574905607	11.1553	1.12791948844023	0.0842370131358224	218182	18379	0.0950125687638894	27449	2608	HIVEP1_170
HIVEP3_824	10.2010574905607	11.1553	1.12791948844023	0.0842370131358224	218182	18379	0.0950125687638894	27449	2608	HIVEP3_824
ID2_35	10.1767574905607	11.131	1.2369668192176	0.0268308109743242	218182	5854	0.0331888229079384	27449	911	ID2_35
ID1_47	10.1767574905607	11.131	1.2369668192176	0.0268308109743242	218182	5854	0.0331888229079384	27449	911	ID1_47
ATOH1_844	8.96835749056067	9.9226	1.11951956809011	0.0845761795198504	218182	18453	0.0946846879667747	27449	2599	ATOH1_844
ETV6_335	8.89985749056068	9.8541	1.13902606355853	0.0638091134924054	218182	13922	0.0726802433604139	27449	1995	ETV6_335
ATF1_118	8.25705749056067	9.2113	1.26750721273418	0.0173891521757065	218182	3794	0.0220408758060403	27449	605	ATF1_118
MAFA_146	8.08725749056067	9.0415	1.09479501071199	0.116169069859108	218182	25346	0.127181318080804	27449	3491	MAFA_146
MNT_20	7.90015749056067	8.8544	1.19910934341757	0.0291362257198119	218182	6357	0.0349375204925498	27449	959	MNT_20
THAP1_798	7.88245749056068	8.8367	1.11253013118956	0.0837649301958915	218182	18276	0.0931910087799191	27449	2558	THAP1_798
SMAD2_745	7.85875749056068	8.813	1.11252936758264	0.0835357637201969	218182	18226	0.0929359903821633	27449	2551	SMAD2_745
CREB1_117	7.78805749056067	8.7423	1.26539948663561	0.0166695694420255	218182	3637	0.0210936646143757	27449	579	CREB1_117
ZNF589_225	7.70095749056068	8.6552	1.18148070194671	0.0338570551191207	218182	7387	0.0400014572479872	27449	1098	ZNF589_225
E4F1_234	7.51225749056067	8.4665	1.34390005545789	0.00984040846632628	218182	2147	0.0132245254836242	27449	363	E4F1_234
CREB3L2_145	7.44325749056068	8.3975	1.19016949859175	0.0299978916684236	218182	6545	0.0357025756858173	27449	980	CREB3L2_145
PAX5_709	6.99435749056067	7.9486	1.13352555432744	0.0548303709746909	218182	11963	0.0621516266530657	27449	1706	PAX5_709
ESR1_661	6.97225749056067	7.9265	1.10600298100789	0.083402847164294	218182	18197	0.0922437975882546	27449	2532	ESR1_661
KLF12_191	6.91355749056067	7.8678	1.09041647378965	0.109853241788965	218182	23968	0.119785784545885	27449	3288	KLF12_191
ID3_38	6.25615749056067	7.2104	1.08373167230667	0.115069070775774	218182	25106	0.124703996502605	27449	3423	ID3_38
ID4_75	6.25615749056067	7.2104	1.08373167230667	0.115069070775774	218182	25106	0.124703996502605	27449	3423	ID4_75
CR7538031_135	5.91715749056068	6.8714	1.25244871790581	0.0140204049829958	218182	3059	0.0175598382454734	27449	482	CR7538031_135
ATF6B_151	5.91715749056068	6.8714	1.25244871790581	0.0140204049829958	218182	3059	0.0175598382454734	27449	482	ATF6B_151
CR9257962_153	5.91715749056068	6.8714	1.25244871790581	0.0140204049829958	218182	3059	0.0175598382454734	27449	482	CR9257962_153
AL6628286_154	5.91715749056068	6.8714	1.25244871790581	0.0140204049829958	218182	3059	0.0175598382454734	27449	482	AL6628286_154
ZKSCAN4_273	5.72295749056067	6.6772	1.16641496914001	0.0299841416798819	218182	6542	0.0349739516922292	27449	960	ZKSCAN4_273
ZKSCAN3_276	5.72295749056067	6.6772	1.16641496914001	0.0299841416798819	218182	6542	0.0349739516922292	27449	960	ZKSCAN3_276
SMARCC2_650	5.41055749056067	6.3648	1.10442344107724	0.0679524433729639	218182	14826	0.0750482713395752	27449	2060	SMARCC2_650
MESP1_69	5.38995749056067	6.3442	1.08395383329171	0.100425332978889	218182	21911	0.108856424642063	27449	2988	MESP1_69
MESP2_94	5.38995749056067	6.3442	1.08395383329171	0.100425332978889	218182	21911	0.108856424642063	27449	2988	MESP2_94
TAL1_62	5.34805749056067	6.3023	1.09339008548792	0.0823990980007517	218182	17978	0.0900943568071697	27449	2473	TAL1_62
TAL2_822	5.34805749056067	6.3023	1.09339008548792	0.0823990980007517	218182	17978	0.0900943568071697	27449	2473	TAL2_822
ETV5_347	5.14605749056067	6.1003	1.1908978536389	0.0208633159472367	218182	4552	0.0248460781813545	27449	682	ETV5_347
NR2C2_693	5.06245749056067	6.0167	1.12002444897709	0.0493762088531593	218182	10773	0.0553025611133375	27449	1518	NR2C2_693
HIC2_236	4.76205749056068	5.7163	1.09403093209425	0.0732599389500509	218182	15984	0.080148639294692	27449	2200	HIC2_236
ARID2_11	4.47205749056068	5.4263	1.12720342326066	0.0394303838080135	218182	8603	0.0444460636088746	27449	1220	ARID2_11
FERD3L_58	4.32465749056067	5.2789	1.07531767573209	0.100283249763959	218182	21880	0.10783635105104	27449	2960	FERD3L_58
MTF1_274	4.09315749056067	5.0474	1.12289004000139	0.0387383010514158	218182	8452	0.0434988524172101	27449	1194	MTF1_274
OTX1_437	3.62325749056067	4.5775	1.32255666361368	0.00548166209861492	218182	1196	0.00724980873620168	27449	199	OTX1_437
BHLHE40_51	3.55885749056067	4.5131	1.14665349546781	0.0243053964121697	218182	5303	0.0278698677547452	27449	765	BHLHE40_51
ETV1_320	3.51165749056068	4.4659	1.14681755345825	0.0239524800396	218182	5226	0.0274691245582717	27449	754	ETV1_320
ZBED1_816	3.47615749056067	4.4304	1.38879444013846	0.0036987469177109	218182	807	0.00513679915479617	27449	141	ZBED1_816
PRDM4_185	3.38975749056068	4.344	1.08620931824939	0.0632224473146272	218182	13794	0.0686728113956793	27449	1885	PRDM4_185
KLF9_192	2.95065749056068	3.9049	1.30017411278835	0.00518374568021193	218182	1131	0.00673977194069001	27449	185	KLF9_192
TP53_706	2.94635749056068	3.9006	1.10999992323798	0.0352824705979412	218182	7698	0.0391635396553609	27449	1075	TP53_706
SIM1_31	2.82795749056068	3.7822	1.17487955128199	0.014015821653482	218182	3058	0.0164669022550913	27449	452	SIM1_31
NPAS1_49	2.82795749056068	3.7822	1.17487955128199	0.014015821653482	218182	3058	0.0164669022550913	27449	452	NPAS1_49
NPAS3_59	2.82795749056068	3.7822	1.17487955128199	0.014015821653482	218182	3058	0.0164669022550913	27449	452	NPAS3_59
SIM2_61	2.82795749056068	3.7822	1.17487955128199	0.014015821653482	218182	3058	0.0164669022550913	27449	452	SIM2_61
ENSG00000250811_102	2.82795749056068	3.7822	1.17487955128199	0.014015821653482	218182	3058	0.0164669022550913	27449	452	ENSG00000250811_102
ZBTB6_271	2.53925749056068	3.4935	1.07542707752684	0.0627045310795574	218182	13681	0.0674341506065795	27449	1851	ZBTB6_271
YBX1_290	2.48875749056068	3.443	1.08528969721687	0.0490095424920479	218182	10693	0.0531895515319319	27449	1460	YBX1_290
BHLHE41_44	2.46515749056068	3.4194	1.14733455618264	0.0171783190180675	218182	3748	0.0197092790265583	27449	541	BHLHE41_44
EP300_804	2.29215749056068	3.2464	1.06400858143004	0.0776553519538734	218182	16943	0.0826259608728915	27449	2268	EP300_804
ZNF76_164	2.23055749056068	3.1848	1.05495716727632	0.0999395000504166	218182	21805	0.105431891872199	27449	2894	ZNF76_164
YY2_284	2.22055749056068	3.1748	1.09154079889358	0.038816217653152	218182	8469	0.0423694852271485	27449	1163	YY2_284
MLXIP_78	1.88595749056068	2.8402	1.10688186959804	0.0250799791000174	218182	5472	0.0277605741557069	27449	762	MLXIP_78
RFX7_728	1.87945749056068	2.8337	1.06075691781571	0.0723982730014392	218182	15796	0.0767969689241867	27449	2108	RFX7_728
ZBTB49_235	1.78145749056068	2.7357	1.08158301537679	0.0399483000430833	218182	8716	0.0432074028197749	27449	1186	ZBTB49_235
ETV4_345	1.70905749056068	2.6633	1.11016284423925	0.0217570652024457	218182	4747	0.0241538853874458	27449	663	ETV4_345
SCRT1_242	1.69855749056068	2.6528	1.06670797561905	0.0560449532958723	218182	12228	0.0597835986739043	27449	1641	SCRT1_242
ELK1_331	1.56955749056068	2.5238	1.0920130861243	0.0285908095076587	218182	6238	0.0312215381252505	27449	857	ELK1_331
SMAD1_744	1.51875749056068	2.473	1.03854929663148	0.137719885233429	218182	30048	0.143028889941346	27449	3926	SMAD1_744
ELK3_327	1.15825749056068	2.1125	1.08178183665943	0.0280866432611306	218182	6128	0.0303836205326241	27449	834	ELK3_327
GCM1_390	1.14735749056068	2.1016	1.09237998538411	0.0220778982684181	218182	4817	0.0241174541877664	27449	662	GCM1_390
SCRT2_282	1.13185749056068	2.0861	1.05718079424212	0.0543445380462183	218182	11857	0.0574520018944224	27449	1577	SCRT2_282
HES2_19	1.12415749056068	2.0784	1.08365241119412	0.0262899780916849	218182	5736	0.0284891981492951	27449	782	HES2_19
IRF6_628	1.04815749056068	2.0024	1.12357999184894	0.0117699901916748	218182	2568	0.0132245254836242	27449	363	IRF6_628
GLI3_182	1.00945749056068	1.9637	1.04848360950838	0.0679295267253944	218182	14821	0.0712229953732376	27449	1955	GLI3_182
ZSCAN10_206	0.963757490560675	1.918	1.04765224041177	0.0678791101007416	218182	14810	0.0711137017741994	27449	1952	ZSCAN10_206
CUX1_294	0.880657490560675	1.8349	1.09352785841647	0.0177237352302206	218182	3867	0.0193813982294437	27449	532	CUX1_294
MYPOP_652	0.806757490560675	1.761	1.10382818409236	0.013630821974315	218182	2974	0.0150460854675944	27449	413	MYPOP_652
MYBL2_647	0.797957490560675	1.7522	1.13244323847394	0.00846082628264476	218182	1846	0.00958140551568363	27449	263	MYBL2_647
HES7_83	0.659357490560675	1.6136	1.06301404968117	0.0311528907059244	218182	6797	0.0331159605085795	27449	909	HES7_83
ARNT_57	0.604657490560675	1.5589	1.08865833130115	0.0153266538944551	218182	3344	0.0166854894531677	27449	458	ARNT_57
ARNTL2_16	0.589157490560675	1.5434	1.06730245634677	0.0256345619711984	218182	5593	0.0273598309592335	27449	751	ARNTL2_16
PAX1_708	0.541657490560675	1.4959	1.07032049316916	0.0224308146409878	218182	4894	0.0240081605887282	27449	659	PAX1_708
E2F8_314	0.540057490560675	1.4943	1.04715247683049	0.0479416267153111	218182	10460	0.0502021931582207	27449	1378	E2F8_314
ATF3_132	0.468057490560675	1.4223	1.05670735138042	0.0312353906371745	218182	6815	0.0330066669095413	27449	906	ATF3_132
RFX8_730	0.437857490560675	1.3921	1.03770232779777	0.0651245290628924	218182	14209	0.0675798754052971	27449	1855	RFX8_730
PAX9_710	0.401257490560675	1.3555	1.05847944759016	0.0272249773125189	218182	5940	0.0288170789464097	27449	791	PAX9_710
HNF1B_428	0.397257490560675	1.3515	1.03442799735673	0.073466188778176	218182	16029	0.0759954825312397	27449	2086	HNF1B_428
ETV3_328	0.387557490560675	1.3418	1.05916808937699	0.0261753948538376	218182	5711	0.0277241429560275	27449	761	ETV3_328
TLX1_425	0.299257490560675	1.2535	1.04404721167182	0.0409657991951673	218182	8938	0.042770228423622	27449	1174	TLX1_425
TLX3_505	0.299257490560675	1.2535	1.04404721167182	0.0409657991951673	218182	8938	0.042770228423622	27449	1174	TLX3_505
GRHL1_391	0.267457490560675	1.2217	1.06370845210218	0.0193508172076523	218182	4222	0.0205836278188641	27449	565	GRHL1_391
HOXB1_448	0.253857490560675	1.2081	1.04167432460233	0.0427028810809324	218182	9317	0.044482494808554	27449	1221	HOXB1_448
SPDEF_330	0.233957490560675	1.1882	1.0645489297034	0.0179666516944569	218182	3920	0.0191263798316879	27449	525	SPDEF_330
RFX5_727	0.192357490560675	1.1466	1.02594297984757	0.093852838455968	218182	20477	0.0962876607526686	27449	2643	RFX5_727
YY1_173	0.183457490560675	1.1377	1.03483721689343	0.0538632884472596	218182	11752	0.0557397355094903	27449	1530	YY1_173
RFX6_729	0.181257490560675	1.1355	1.02378731783821	0.1077861601782	218182	23517	0.110350103828919	27449	3029	RFX6_729
ENO1_803	0.0420574905606751	0.9963	1.02765658711956	0.0649457792118507	218182	14170	0.0667419578126708	27449	1832	ENO1_803
PTF1A_70	0.0365574905606751	0.9908	1.02097240752305	0.106227828143477	218182	23177	0.10845568144559	27449	2977	PTF1A_70
FEV_343	0.0267574905606751	0.981	1.04449083346201	0.0256712286073095	218182	5601	0.0268133629640424	27449	736	FEV_343
ARID3A_6	0	0	0.713422716558485	0.250373541355382	218182	54627	0.178622172028125	27449	4903	ARID3A_6
ARID5B_7	0	0	0.752167890527405	0.0418962150864874	218182	9141	0.0315129877226857	27449	865	ARID5B_7
ARID3B_8	0	0	0.832917127777162	0.0887470093774922	218182	19363	0.0739189041495136	27449	2029	ARID3B_8
ARID5A_9	0	0	0.694060208334543	0.0876057603285331	218182	19114	0.0608036722649277	27449	1669	ARID5A_9
ARID3C_10	0	0	0.76629428622559	0.10354658037785	218182	22592	0.0793471529017451	27449	2178	ARID3C_10
HMGA1_12	0	0	0.701957112434725	0.132343639713634	218182	28875	0.0928995591824839	27449	2550	HMGA1_12
HMGA2_13	0	0	0.768682714041734	0.0370149691541924	218182	8076	0.0284527669496157	27449	781	HMGA2_13
MLXIPL_15	0	0.0362	0.941967875707968	0.0175587353677205	218182	3831	0.0165397646544501	27449	454	MLXIPL_15
TFE3_18	0	0.064	0.96533139039606	0.0296633086139095	218182	6472	0.0286349229480127	27449	786	TFE3_18
TCF3_21	0	0.7576	1.01683838215297	0.0914328404726329	218182	19949	0.0929724215818427	27449	2552	TCF3_21
SREBF1_22	0	3e-04	0.928750385069014	0.0594274504771246	218182	12966	0.0551932675142992	27449	1515	SREBF1_22
USF2_26	0	0.5995	1.01830874453717	0.0425378812184323	218182	9281	0.0433166964188131	27449	1189	USF2_26
TFEC_27	0	0	0.777359736577887	0.0353833038472468	218182	7720	0.0275055557579511	27449	755	TFEC_27
MLX_29	0	0.0871	0.963288484773351	0.0181912348406376	218182	3969	0.017523407045794	27449	481	MLX_29
MYF6_30	0	0.0325	0.966751642964247	0.0565262028948309	218182	12333	0.0546467995191082	27449	1500	MYF6_30
TFEB_32	0	0	0.8300341389357	0.0336645552795373	218182	7345	0.027942730154104	27449	767	TFEB_32
HAND1_33	0	0.158	0.989554241397891	0.0678882767597694	218182	14812	0.0671791322088236	27449	1844	HAND1_33
TCF21_39	0	0.0246	0.96546571162623	0.0625257812285156	218182	13642	0.0603664978687748	27449	1657	TCF21_39
NEUROG3_43	0	0.0524	0.960361033791789	0.0276924769229359	218182	6042	0.026594775765966	27449	730	NEUROG3_43
BHLHE23_45	0	0.0167	0.937600082398903	0.0243237297302252	218182	5307	0.0228059309993078	27449	626	BHLHE23_45
TCF15_46	0	1e-04	0.934334247988559	0.0777882685097762	218182	16972	0.0726802433604139	27449	1995	TCF15_46
ARNTL_50	0	0.0213	0.935133177464946	0.019790816840986	218182	4318	0.018507049437138	27449	508	ARNTL_50
CLOCK_53	0	0.0601	0.95514267606399	0.0189566508694576	218182	4136	0.0181063062406645	27449	497	CLOCK_53
USF1_60	0	0.3289	1.00235367697465	0.044632462806281	218182	9738	0.0447375132063099	27449	1228	USF1_60
TCF23_64	0	0.355	1.00537078565692	0.0281920598399501	218182	6151	0.0283434733505774	27449	778	TCF23_64
HAND2_66	0	0.158	0.989554241397891	0.0678882767597694	218182	14812	0.0671791322088236	27449	1844	HAND2_66
NEUROD2_73	0	0.1011	0.970377852731957	0.0223758146868211	218182	4882	0.0217129950089256	27449	596	NEUROD2_73
NPAS4_77	0	0.5768	1.03795243217165	0.00944165879861767	218182	2060	0.00979999271376006	27449	269	NPAS4_77
OLIG3_79	0	0	0.86754264784662	0.030025391645507	218182	6551	0.0260483077707749	27449	715	OLIG3_79
NEUROG2_81	0	0.1483	0.984106591100542	0.0355758036868303	218182	7762	0.0350103828919086	27449	961	NEUROG2_81
MSC_82	0	0.0249	0.969391077246523	0.077756185203179	218182	16965	0.0753761521366899	27449	2069	MSC_82
ATOH7_84	0	0	0.865234065436161	0.0322528897892585	218182	7037	0.0279062989544246	27449	766	ATOH7_84
BHLHA15_85	0	0.0676	0.961528065538553	0.0227333143889047	218182	4960	0.0218587198076433	27449	600	BHLHA15_85
BHLHE22_86	0	0	0.846504580845131	0.0316753902705081	218182	6911	0.0268133629640424	27449	736	BHLHE22_86
NEUROG1_87	0	9e-04	0.908629639133393	0.0291087257427285	218182	6351	0.0264490509672484	27449	726	NEUROG1_87
FIGLA_88	0	0.2862	0.99936184930581	0.0850482624597813	218182	18556	0.0849939888520529	27449	2333	FIGLA_88
OLIG1_90	0	0.0049	0.919094084615769	0.023782896847586	218182	5189	0.0218587198076433	27449	600	OLIG1_90
MITF_91	0	0	0.696950197490448	0.064294946420878	218182	14028	0.0448103756056687	27449	1230	MITF_91
ENSG00000187728_92	0	0.0246	0.96546571162623	0.0625257812285156	218182	13642	0.0603664978687748	27449	1657	ENSG00000187728_92
SCXB_93	0	1e-04	0.934334247988559	0.0777882685097762	218182	16972	0.0726802433604139	27449	1995	SCXB_93
SCXA_96	0	1e-04	0.934334247988559	0.0777882685097762	218182	16972	0.0726802433604139	27449	1995	SCXA_96
HES5_98	0	0.6378	1.02465777549713	0.0290124758229368	218182	6330	0.0297278589383948	27449	816	HES5_98
SREBF2_99	0	0	0.864459517969899	0.0596749502708748	218182	13020	0.0515865787460381	27449	1416	SREBF2_99
OLIG2_100	0	0	0.871338473605034	0.0273441438798801	218182	5966	0.0238260045903312	27449	654	OLIG2_100
TWIST2_101	0	0	0.849205354167441	0.0416991319173901	218182	9098	0.0354111260883821	27449	972	TWIST2_101
MGA_103	0	0	0.90700523398492	0.0620170316524736	218182	13531	0.056249772305002	27449	1544	MGA_103
CREB3L3_104	0	0.1917	0.988796430654307	0.0304699746083545	218182	6648	0.0301286021348683	27449	827	CREB3L3_104
FOSL2_105	0	0	0.282463149145519	0.128589892841756	218182	28056	0.0363219060803672	27449	997	FOSL2_105
NFE2L1_106	0	0	0.733980616821141	0.0558891200923999	218182	12194	0.0410215308390105	27449	1126	NFE2L1_106
CEBPE_107	0	0	0.784032718843166	0.0154733204388996	218182	3376	0.012131589493242	27449	333	CEBPE_107
CREM_108	0	0.2125	0.992449163666175	0.0403057997451669	218182	8794	0.0400014572479872	27449	1098	CREM_108
XBP1_109	0	0.9362	1.04827142313301	0.0199833166805694	218182	4360	0.0209479398156581	27449	575	XBP1_109
DBP_110	0	0	0.621529749082457	0.0188741509382076	218182	4118	0.0117308462967686	27449	322	DBP_110
CREB3_111	0	0.1917	0.988796430654307	0.0304699746083545	218182	6648	0.0301286021348683	27449	827	CREB3_111
HLF_112	0	0	0.695857931448057	0.0271195607336994	218182	5917	0.018871361433932	27449	518	HLF_112
BACH2_113	0	0	0.336475605390762	0.0979870016774986	218182	21379	0.0329702357098619	27449	905	BACH2_113
ATF2_114	0	0.0276	0.884729417242251	0.00522957897535085	218182	1141	0.00462676235928449	27449	127	ATF2_114
NFE2L2_115	0	0	0.592329373946417	0.10209824825146	218182	22276	0.060475791467813	27449	1660	NFE2L2_115
NFE2_119	0	0	0.558738696790562	0.104715329403892	218182	22847	0.0585085066851251	27449	1606	NFE2_119
BATF3_120	0	0	0.862168964573572	0.0244658129451559	218182	5338	0.0210936646143757	27449	579	BATF3_120
FOSB_121	0	0	0.369975522196445	0.112254906454245	218182	24492	0.0415315676345222	27449	1140	FOSB_121
ATF4_122	0	0	0.646556513646104	0.04085121595732	218182	8913	0.0264126197675689	27449	725	ATF4_122
NRL_123	0	0	0.667335698292017	0.0729895225087312	218182	15925	0.0487085139713651	27449	1337	NRL_123
JUND_124	0	0	0.281763295277805	0.130331558057035	218182	28436	0.0367226492768407	27449	1008	JUND_124
JDP2_125	0	0	0.297880139350889	0.0894024254979787	218182	19506	0.0266312069656454	27449	731	JDP2_125
CREB3L4_126	0	0.1917	0.988796430654307	0.0304699746083545	218182	6648	0.0301286021348683	27449	827	CREB3L4_126
CREB5_127	0	0	0.870855896979907	0.0285724761896032	218182	6234	0.0248825093810339	27449	683	CREB5_127
CEBPG_128	0	0	0.717069697819196	0.019153734038555	218182	4179	0.0137345622791359	27449	377	CEBPG_128
BATF_129	0	0	0.483855746287219	0.0853828455142954	218182	18629	0.0413129804364458	27449	1134	BATF_129
BACH1_130	0	0	0.308455329617349	0.114092821589315	218182	24893	0.0351925388903057	27449	966	BACH1_130
CREB3L1_131	0	0.812	1.0333831636468	0.0298603917830068	218182	6515	0.0308572261284564	27449	847	CREB3L1_131
NFIL3_133	0	0	0.654947802942307	0.0314278904767579	218182	6857	0.0205836278188641	27449	565	NFIL3_133
TEF_134	0	0	0.613931107508424	0.0359012200823166	218182	7833	0.0220408758060403	27449	605	TEF_134
ATF5_136	0	0	0.881227393267421	0.130514891237591	218182	28476	0.115013297387883	27449	3157	ATF5_136
FOS_137	0	0	0.297891331403025	0.137339468883776	218182	29965	0.0409122372399723	27449	1123	FOS_137
ATF7_138	0	0	0.864800680087096	0.0222428981309182	218182	4853	0.0192356734307261	27449	528	ATF7_138
JUNB_139	0	0	0.285838830344537	0.13548322043065	218182	29560	0.038726365259208	27449	1063	JUNB_139
CEBPB_140	0	0	0.696368665423247	0.0385045512462073	218182	8401	0.0268133629640424	27449	736	CEBPB_140
DDIT3_141	0	0	0.825340743111029	0.0491287090594091	218182	10719	0.0405479252431783	27449	1113	DDIT3_141
FOSL1_142	0	0	0.293354259097116	0.134992804172663	218182	29453	0.0396007140515137	27449	1087	FOSL1_142
JUN_143	0	0	0.28612984281576	0.132416972985856	218182	28891	0.0378884476665817	27449	1040	JUN_143
MAF_144	0	0	0.797851169367936	0.0573053689121926	218182	12503	0.0457211555976538	27449	1255	MAF_144
MAFF_147	0	0	0.613697682459056	0.0891045090795758	218182	19441	0.0546832307187876	27449	1501	MAFF_147
MAFG_148	0	0	0.586971329844561	0.0490324591396174	218182	10698	0.0287806477467303	27449	790	MAFG_148
MAFK_149	0	0	0.656522037752039	0.100439082967431	218182	21914	0.0659404714197239	27449	1810	MAFK_149
MAFB_150	0	0	0.883049190734741	0.0612653656121953	218182	13367	0.0541003315239171	27449	1485	MAFB_150
CEBPD_152	0	0	0.680906013811477	0.053932038389968	218182	11767	0.0367226492768407	27449	1008	CEBPD_152
CEBPA_155	0	0	0.695814647615561	0.0633003639163634	218182	13811	0.0440453204124012	27449	1209	CEBPA_155
ENSG00000250542_156	0	5e-04	0.752680034098996	0.00440457966285028	218182	961	0.0033152391708259	27449	91	ENSG00000250542_156
ZEB1_157	0	0.4763	1.00709393216965	0.108161993198339	218182	23599	0.108929287041422	27449	2990	ZEB1_157
SNAI2_161	0	0	0.884595555784494	0.0915932570056192	218182	19984	0.0810229880869977	27449	2224	SNAI2_161
PRDM1_163	0	0	0.797837012533483	0.178859850950124	218182	39024	0.142701009144231	27449	3917	PRDM1_163
MECOM_169	0	0	0.657888714569583	0.0567049527458727	218182	12372	0.0373055484717112	27449	1024	MECOM_169
ZKSCAN1_181	0	0	0.777557071663968	0.0298924750896041	218182	6522	0.0232431053954607	27449	638	ZKSCAN1_181
BCL6_187	0	0	0.769903055258489	0.091515340403883	218182	19967	0.0704579401799701	27449	1934	BCL6_187
ZBTB47_188	0	0	0.90554035539327	0.0525020395816337	218182	11455	0.0475427155816241	27449	1305	ZBTB47_188
ZNF410_193	0	0	0.714167487642923	0.0349433042139132	218182	7624	0.0249553717803927	27449	685	ZNF410_193
BCL11A_194	0	0	0.819916771389752	0.181330265558112	218182	39563	0.148675725891654	27449	4081	BCL11A_194
IKZF4_197	0	0.0539	0.971291773102271	0.0506732911055907	218182	11056	0.0492185507668768	27449	1351	IKZF4_197
ZNF384_202	0	0	0.88597179662402	0.0783336847219294	218182	17091	0.0694014353892674	27449	1905	ZNF384_202
FEZF1_204	0	0	0.795921975016713	0.0791403507163744	218182	17267	0.062989544245692	27449	1729	FEZF1_204
PRDM16_211	0	0	0.654696610978084	0.0663299447250461	218182	14472	0.0434259900178513	27449	1192	PRDM16_211
OSR1_212	0	0	0.874422847793271	0.039746633544472	218182	8672	0.0347553644941528	27449	954	OSR1_212
FEZF2_214	0	0	0.795921975016713	0.0791403507163744	218182	17267	0.062989544245692	27449	1729	FEZF2_214
ZNF333_217	0	0	0.788741624061443	0.0309466408777993	218182	6752	0.0244089037852016	27449	670	ZNF333_217
BCL6B_218	0	0	0.860654719778395	0.0645103629080309	218182	14075	0.0555211483114139	27449	1524	BCL6B_218
ZNF75A_219	0	4e-04	0.947314581652472	0.0967586693677755	218182	21111	0.0916608983933841	27449	2516	ZNF75A_219
GFI1_220	0	0	0.787076031611263	0.0828070143274881	218182	18067	0.0651754162264563	27449	1789	GFI1_220
ZNF691_224	0	0.0448	0.965929171758811	0.0426570477857935	218182	9307	0.0412036868374076	27449	1131	ZNF691_224
OSR2_227	0	0	0.806919401603101	0.0344483046264128	218182	7516	0.0277970053553864	27449	763	OSR2_227
GFI1B_228	0	0	0.797521606199201	0.0712616072819939	218182	15548	0.0568326714998725	27449	1560	GFI1B_228
ZNF143_231	0	0.1457	0.987706872599599	0.0612653656121953	218182	13367	0.0605122226674924	27449	1661	ZNF143_231
ZNF232_233	0	0	0.724879284131046	0.0567416193819838	218182	12380	0.0411308244380487	27449	1129	ZNF232_233
ZNF32_237	0	0	0.660352440557044	0.0492662089448259	218182	10749	0.0325330613137091	27449	893	ZNF32_237
ZNF35_239	0	0	0.758073076043002	0.166856110953241	218182	36405	0.126489125286896	27449	3472	ZNF35_239
ZNF282_240	0	0.288	0.999385830038379	0.0596016169986525	218182	13004	0.0595650114758279	27449	1635	ZNF282_240
ZNF274_244	0	0	0.839045869411693	0.0857540952049207	218182	18710	0.0719516193668257	27449	1975	ZNF274_244
OVOL1_246	0	0	0.81757357801221	0.0376978852517623	218182	8225	0.030820794928777	27449	846	OVOL1_246
ZNF683_253	0	0	0.777925753830369	0.140025299978917	218182	30551	0.108929287041422	27449	2990	ZNF683_253
ZNF354C_256	0	0	0.870995228642947	0.182031514973738	218182	39716	0.158548581004772	27449	4352	ZNF354C_256
ZNF713_257	0	0	0.830490165451596	0.0753636871969273	218182	16443	0.0625888010492185	27449	1718	ZNF713_257
ZNF238_260	0	0	0.900956247370337	0.0785674345271379	218182	17142	0.0707858209770848	27449	1943	ZNF238_260
ZBTB42_261	0	0	0.900956247370337	0.0785674345271379	218182	17142	0.0707858209770848	27449	1943	ZBTB42_261
ZNF784_262	0	0.0014	0.91723716978424	0.0320924732562723	218182	7002	0.0294364093409596	27449	808	ZNF784_262
ZSCAN4_263	0	2e-04	0.937711200473024	0.083957430035475	218182	18318	0.0787278225071952	27449	2161	ZSCAN4_263
SNAI3_268	0	0	0.908144492393475	0.0692403589663675	218182	15107	0.0628802506466538	27449	1726	SNAI3_268
ZBTB3_269	0	0	0.807020650288568	0.143238213968155	218182	31252	0.115596196582753	27449	3173	ZBTB3_269
IKZF1_270	0	0.0539	0.971291773102271	0.0506732911055907	218182	11056	0.0492185507668768	27449	1351	IKZF1_270
ZNF75D_272	0	4e-04	0.947314581652472	0.0967586693677755	218182	21111	0.0916608983933841	27449	2516	ZNF75D_272
ZSCAN16_277	0	0	0.865462092448428	0.062594531171224	218182	13657	0.0541731939232759	27449	1487	ZSCAN16_277
ZNF652_278	0	0	0.90554035539327	0.0525020395816337	218182	11455	0.0475427155816241	27449	1305	ZNF652_278
ZBTB12_280	0	0	0.796968038401607	0.0380783016014153	218182	8308	0.0303471893329447	27449	833	ZBTB12_280
AL8448538_281	0	0	0.796968038401607	0.0380783016014153	218182	8308	0.0303471893329447	27449	833	AL8448538_281
CR7597843_285	0	0	0.796968038401607	0.0380783016014153	218182	8308	0.0303471893329447	27449	833	CR7597843_285
CR3882194_286	0	0	0.796968038401607	0.0380783016014153	218182	8308	0.0303471893329447	27449	833	CR3882194_286
AL66283413_287	0	0	0.796968038401607	0.0380783016014153	218182	8308	0.0303471893329447	27449	833	AL66283413_287
NFYA_288	0	0	0.884718568181497	0.0500316249736459	218182	10916	0.0442639076104776	27449	1215	NFYA_288
RBPJ_291	0	0.0484	0.976720002813004	0.0826557644535296	218182	18034	0.0807315384895625	27449	2216	RBPJ_291
CUX2_292	0	0	0.776063219746689	0.0242228964809196	218182	5285	0.0187984990345732	27449	516	CUX2_292
ONECUT2_293	0	0	0.878969604915562	0.0663161947365044	218182	14469	0.0582899194870487	27449	1600	ONECUT2_293
ONECUT1_295	0	0	0.872010615515349	0.0699370250524791	218182	15259	0.0609858282633247	27449	1674	ONECUT1_295
ONECUT3_296	0	0	0.814144516070709	0.0908828409309659	218182	19829	0.0739917665488724	27449	2031	ONECUT3_296
LIN54_297	0	0	0.716676531713327	0.0877386768844359	218182	19143	0.0628802506466538	27449	1726	LIN54_297
KDM2B_299	0	0.1631	0.972720455719425	0.00895124254063122	218182	1953	0.0087070567233779	27449	239	KDM2B_299
TET1_302	0	0.1324	0.958462903306067	0.00661374448854626	218182	1443	0.00633902874421655	27449	174	TET1_302
DMRT3_304	0	0	0.695780530379735	0.0413645488628759	218182	9025	0.0287806477467303	27449	790	DMRT3_304
DMRT1_305	0	0	0.705475752853582	0.0446691294423921	218182	9746	0.0315129877226857	27449	865	DMRT1_305
DMRTA2_306	0	0	0.726598395493029	0.0513928738392718	218182	11213	0.0373419796713906	27449	1025	DMRTA2_306
DMRT2_307	0	0	0.759749601649307	0.0697216085653262	218182	15212	0.0529709643338555	27449	1454	DMRT2_307
E2F3_313	0	1e-04	0.891685143543298	0.0299887250093958	218182	6543	0.0267405005646836	27449	734	E2F3_313
E2F7_316	0	0.0851	0.973943052419024	0.0371066357444702	218182	8096	0.0361397500819702	27449	992	E2F7_316
BRCA1_319	0	0	0.837876453605178	0.0536982885847595	218182	11716	0.0449925316040657	27449	1235	BRCA1_319
ETV7_321	0	0	0.855325893302817	0.0765828528476226	218182	16709	0.065503297023571	27449	1798	ETV7_321
SPI1_322	0	0	0.867628787005382	0.214985654178622	218182	46906	0.186527742358556	27449	5120	SPI1_322
ELF4_323	0	0.0109	0.949041034394482	0.0440687132760723	218182	9615	0.0418230172319575	27449	1148	ELF4_323
ETV2_324	0	0	0.843801873139358	0.0396778836017637	218182	8657	0.0334802725053736	27449	919	ETV2_324
ERF_325	0	0.0796	0.971871431409837	0.034824137646552	218182	7598	0.0338445845021677	27449	929	ERF_325
ELF2_326	0	0.0899	0.987242532780034	0.131518640401133	218182	28695	0.129840795657401	27449	3564	ELF2_326
ETS1_332	0	0.092	0.973440802633721	0.0321108065743279	218182	7006	0.0312579693249299	27449	858	ETS1_332
EHF_333	0	0	0.868569556699286	0.0462641281132266	218182	10094	0.0401836132463842	27449	1103	EHF_333
ELF5_334	0	0	0.821842077389489	0.0700836915969237	218182	15291	0.05759772669314	27449	1581	ELF5_334
SPIB_336	0	0	0.80670370794397	0.0987661676948603	218182	21549	0.0796750336988597	27449	2187	SPIB_336
FLI1_337	0	0.902	1.03757231058697	0.0299153917371736	218182	6527	0.0310393821268534	27449	852	FLI1_337
ERG_339	0	0.0672	0.967480973613798	0.0319320567232861	218182	6967	0.0308936573281358	27449	848	ERG_339
ELF3_342	0	0	0.84435453793666	0.0473320438899634	218182	10327	0.0399650260483078	27449	1097	ELF3_342
SPIC_344	0	0	0.778281960671119	0.105462412114657	218182	23010	0.0820794928777005	27449	2253	SPIC_344
ENSG00000235187_346	0	0.01	0.934829365516451	0.0282149764875196	218182	6156	0.0263761885678895	27449	724	ENSG00000235187_346
FOXP3_348	0	0	0.853758034769107	0.100704916079237	218182	21972	0.0859776312433968	27449	2360	FOXP3_348
FOXC1_349	0	0	0.782037080168186	0.102254081454932	218182	22310	0.079966483296295	27449	2195	FOXC1_349
FOXJ2_350	0	0	0.764618825216501	0.177672768606026	218182	38765	0.135851943604503	27449	3729	FOXJ2_350
FOXF1_351	0	0	0.777772215326864	0.123846146794878	218182	27021	0.096324091952348	27449	2644	FOXF1_351
FOXM1_352	0	0	0.776925397927911	0.160040699966083	218182	34918	0.124339684505811	27449	3413	FOXM1_352
FOXP1_353	0	0	0.784905742276011	0.09036950802541	218182	19717	0.0709315457758024	27449	1947	FOXP1_353
FOXO3_354	0	0	0.807247479445533	0.0561870365108029	218182	12259	0.0453568436008598	27449	1245	FOXO3_354
FOXA2_355	0	0	0.7756350095397	0.173552355373037	218182	37866	0.134613282815403	27449	3695	FOXA2_355
FOXP2_356	0	0	0.805223869138864	0.1202573997855	218182	26238	0.0968341287478597	27449	2658	FOXP2_356
FOXA1_357	0	0	0.80014812985101	0.14751904373413	218182	32186	0.118037086961274	27449	3240	FOXA1_357
FOXP4_358	0	0	0.784905742276011	0.09036950802541	218182	19717	0.0709315457758024	27449	1947	FOXP4_358
FOXF2_359	0	0	0.767340483559103	0.0818032651639457	218182	17848	0.0627709570476156	27449	1723	FOXF2_359
FOXK2_360	0	0	0.754716405682891	0.0672420272983106	218182	14671	0.0507486611534118	27449	1393	FOXK2_360
FOXO1_361	0	0	0.807247479445533	0.0561870365108029	218182	12259	0.0453568436008598	27449	1245	FOXO1_361
FOXH1_362	0	0	0.822942127513586	0.0618886984260846	218182	13503	0.0509308171518088	27449	1398	FOXH1_362
FOXQ1_363	0	0	0.74137641683111	0.102849914291738	218182	22440	0.0762505009289956	27449	2093	FOXQ1_363
FOXK1_364	0	0	0.791817747968402	0.0992886672594439	218182	21663	0.0786185289081569	27449	2158	FOXK1_364
FOXI1_365	0	0	0.777350623447024	0.168295276420603	218182	36719	0.130824438048745	27449	3591	FOXI1_365
FOXA3_366	0	0	0.775004580766896	0.182719014400821	218182	39866	0.141608073153849	27449	3887	FOXA3_366
FOXB1_367	0	0	0.77221816123092	0.130634057804952	218182	28502	0.100877991912274	27449	2769	FOXB1_367
FOXG1_368	0	0	0.807247479445533	0.0561870365108029	218182	12259	0.0453568436008598	27449	1245	FOXG1_368
FOXL1_369	0	0	0.758211947484553	0.0419466317111402	218182	9152	0.0318044373201209	27449	873	FOXL1_369
FOXC2_370	0	0	0.72010165844057	0.0767982693347756	218182	16756	0.0553025611133375	27449	1518	FOXC2_370
FOXE1_371	0	0	0.748010659659515	0.183273597272002	218182	39987	0.137090604393603	27449	3763	FOXE1_371
FOXS1_372	0	0	0.743964214952587	0.150236958135868	218182	32779	0.111770920616416	27449	3068	FOXS1_372
FOXO4_373	0	0	0.798539015360355	0.114968237526469	218182	25084	0.0918066231921017	27449	2520	FOXO4_373
FOXD2_374	0	0	0.726349200727593	0.12288364759696	218182	26811	0.0892564392145433	27449	2450	FOXD2_374
FOXI2_375	0	0	0.738826260983662	0.14718904400913	218182	32114	0.108747131043025	27449	2985	FOXI2_375
FOXE3_376	0	0	0.807247479445533	0.0561870365108029	218182	12259	0.0453568436008598	27449	1245	FOXE3_376
FOXD3_377	0	0	0.806360569668335	0.165086945760879	218182	36019	0.133119603628547	27449	3654	FOXD3_377
FOXJ3_378	0	0	0.754716405682891	0.0672420272983106	218182	14671	0.0507486611534118	27449	1393	FOXJ3_378
FOXO6_379	0	0	0.789930875493897	0.0480103766580195	218182	10475	0.0379248788662611	27449	1041	FOXO6_379
FOXB2_380	0	0	0.780754458590778	0.137371552190373	218182	29972	0.10725345185617	27449	2944	FOXB2_380
KIAA0415_381	0	0	0.791817747968402	0.0992886672594439	218182	21663	0.0786185289081569	27449	2158	KIAA0415_381
FOXD1_382	0	0	0.807247479445533	0.0561870365108029	218182	12259	0.0453568436008598	27449	1245	FOXD1_382
GATA1_383	0	0	0.838915860169155	0.0570624524479563	218182	12450	0.0478705963787388	27449	1314	GATA1_383
GATA3_384	0	0	0.777199574159755	0.0422812147656544	218182	9225	0.0328609421108237	27449	902	GATA3_384
GATA5_385	0	0	0.769754093756668	0.0375787186844011	218182	8199	0.0289263725454479	27449	794	GATA5_385
GATA4_386	0	0	0.726429762741949	0.0640428632976139	218182	13973	0.0465226419906008	27449	1277	GATA4_386
GATA6_387	0	0	0.790663557841348	0.0451091290757258	218182	9842	0.0356661444861379	27449	979	GATA6_387
GATA2_388	0	0	0.781009255743326	0.0660045283295597	218182	14401	0.0515501475463587	27449	1415	GATA2_388
UBP1_393	0	0	0.907920828261125	0.130569891191757	218182	28488	0.118547123756785	27449	3254	UBP1_393
ARX_394	0	0	0.739666688194542	0.0654086954927538	218182	14271	0.0483806331742504	27449	1328	ARX_394
HOXA11_395	0	0	0.78105402495357	0.0414195488170426	218182	9037	0.032350905315312	27449	888	HOXA11_395
MEOX1_396	0	0.0606	0.968376021517511	0.037583302013915	218182	8200	0.036394768479726	27449	999	MEOX1_396
DLX6_397	0	0.0029	0.906269774250134	0.0208633159472367	218182	4552	0.0189077926336114	27449	519	DLX6_397
ISL1_398	0	0.0139	0.957518104272381	0.0561962031698307	218182	12261	0.0538088819264818	27449	1477	ISL1_398
HOXC8_399	0	0.0331	0.964543154936011	0.0494037088302426	218182	10779	0.0476520091806623	27449	1308	HOXC8_399
BARX2_400	0	0	0.875253315113809	0.0689286925594229	218182	15039	0.0603300666690954	27449	1656	BARX2_400
ALX4_401	0	0	0.758462304886431	0.0550457874618438	218182	12010	0.0417501548325986	27449	1146	ALX4_401
GSC2_402	0	0.0045	0.923231195856955	0.0271883106764078	218182	5932	0.0251010965791103	27449	689	GSC2_402
DLX3_403	0	0	0.834870560431905	0.0241312298906418	218182	5265	0.0201464534227112	27449	553	DLX3_403
PITX1_404	0	0	0.871530993544421	0.0378720517732902	218182	8263	0.0330066669095413	27449	906	PITX1_404
HOXA9_405	0	0	0.795171805685703	0.035415387153844	218182	7727	0.0281613173521804	27449	773	HOXA9_405
LHX5_406	0	0	0.892711617021945	0.0645607795326837	218182	14086	0.0576341578928194	27449	1582	LHX5_406
SIX4_407	0	0	0.731835716674464	0.0243924796729336	218182	5322	0.0178512878429087	27449	490	SIX4_407
VSX1_408	0	0.001	0.915691076638306	0.0336187219843983	218182	7335	0.0307843637290976	27449	845	VSX1_408
RHOXF1_409	0	0.0018	0.89350451823435	0.01842956797536	218182	4021	0.0164669022550913	27449	452	RHOXF1_409
CRX_410	0	1e-04	0.900553115040986	0.0349524708729409	218182	7626	0.0314765565230063	27449	864	CRX_410
MEIS3_411	0	0	0.91042867300283	0.0506595411170491	218182	11053	0.0461218987941273	27449	1266	MEIS3_411
DLX5_412	0	0	0.767111803256796	0.0484412096323253	218182	10569	0.0371598236729936	27449	1020	DLX5_412
HOXA1_413	0	0.0133	0.949603624304253	0.041318715567737	218182	9015	0.0392364020547197	27449	1077	HOXA1_413
HOXA2_414	0	0	0.815598762606383	0.044802045998295	218182	9775	0.0365404932784437	27449	1003	HOXA2_414
HOXA3_415	0	0	0.804295234512191	0.0212437322968898	218182	4635	0.0170862326496412	27449	469	HOXA3_415
HOXA5_416	0	0	0.776034578809391	0.0493395422170482	218182	10765	0.0382891908630551	27449	1051	HOXA5_416
HOXA6_417	0	0	0.868261262527318	0.0558891200923999	218182	12194	0.0485263579729681	27449	1332	HOXA6_417
HOXA13_418	0	0	0.786938643441523	0.0726366061361615	218182	15848	0.0571605522969871	27449	1569	HOXA13_418
EVX1_419	0	0	0.866559915468745	0.0270324774729354	218182	5898	0.0234252613938577	27449	643	EVX1_419
NOBOX_420	0	0	0.826076225945634	0.0426020478316268	218182	9295	0.0351925388903057	27449	966	NOBOX_420
MEOX2_421	0	0	0.867873686652206	0.0520941232548973	218182	11366	0.0452111188021422	27449	1241	MEOX2_421
LHX2_422	0	0.0014	0.918740812809302	0.0334674721104399	218182	7302	0.0307479325294182	27449	844	LHX2_422
LHX6_423	0	0	0.810114341278173	0.0222153981538349	218182	4847	0.0179970126416263	27449	494	LHX6_423
LHX3_424	0	0	0.873169562062073	0.0849061792448506	218182	18525	0.0741374913475901	27449	2035	LHX3_424
PITX3_426	0	0	0.88419068436876	0.0360937199219001	218182	7875	0.0319137309191592	27449	876	PITX3_426
HOXB6_427	0	0	0.854821073311261	0.0605182829014309	218182	13204	0.0517323035447557	27449	1420	HOXB6_427
DLX4_429	0	0	0.853814608519267	0.0352870539274551	218182	7699	0.0301286021348683	27449	827	DLX4_429
VTN_430	0	0.0045	0.945020301083839	0.0522362064698279	218182	11397	0.0493642755655944	27449	1355	VTN_430
PHOX2B_431	0	0	0.786325597971867	0.0588866175944853	218182	12848	0.0463040547925243	27449	1271	PHOX2B_431
NKX32_432	0	0	0.898072564307293	0.0554537037885802	218182	12099	0.0498014499617472	27449	1367	NKX32_432
NANOG_433	0	0	0.8659904567197	0.0339074717437735	218182	7398	0.0293635469416008	27449	806	NANOG_433
IRX4_434	0	0	0.833231681780115	0.0475703770246858	218182	10379	0.0396371452511931	27449	1088	IRX4_434
CDX1_435	0	0	0.753067058479704	0.0791449340458883	218182	17268	0.0596014426755073	27449	1636	CDX1_435
TLX2_436	0	0	0.841769583694715	0.0601149499042084	218182	13116	0.0506029363546942	27449	1389	TLX2_436
DLX2_438	0	0	0.853814608519267	0.0352870539274551	218182	7699	0.0301286021348683	27449	827	DLX2_438
VAX2_439	0	0.0192	0.946603365859364	0.0308274743104381	218182	6726	0.0291813909432038	27449	801	VAX2_439
PRRX1_440	0	0	0.883059297332519	0.0331695556920369	218182	7237	0.029290684542242	27449	804	PRRX1_440
TGIF2_441	0	0.019	0.959281727140808	0.052447039627467	218182	11443	0.0503114867572589	27449	1381	TGIF2_441
VSX2_442	0	1e-04	0.899171269887002	0.0346820544316213	218182	7567	0.0311851069255711	27449	856	VSX2_442
NKX23_443	0	0	0.791571084504842	0.0497978751684374	218182	10865	0.0394185580531167	27449	1082	NKX23_443
HOXB8_444	0	0.0632	0.976623728000933	0.0644599462833781	218182	14064	0.0629531130460126	27449	1728	HOXB8_444
HOXB5_445	0	0	0.916668764406721	0.0611645323628897	218182	13345	0.056067616306605	27449	1539	HOXB5_445
HOXB7_446	0	0.5109	1.01101518555215	0.0642491131257391	218182	14018	0.0649568290283799	27449	1783	HOXB7_446
HOXB3_447	0	0	0.903175588966943	0.0530428724642729	218182	11573	0.0479070275784182	27449	1315	HOXB3_447
MSX2_449	0	0	0.866183265762461	0.0338158051534957	218182	7378	0.029290684542242	27449	804	MSX2_449
LHX4_450	0	0	0.87789608119399	0.0520803732663556	218182	11363	0.0457211555976538	27449	1255	LHX4_450
HOXA7_451	0	0	0.811141687542016	0.0261845615128654	218182	5713	0.0212393894130934	27449	583	HOXA7_451
HOXC13_452	0	0	0.744659547052911	0.0867899276750603	218182	18936	0.0646289482312653	27449	1774	HOXC13_452
HOXC11_453	0	0	0.809686871728443	0.0324408062993281	218182	7078	0.0262668949688513	27449	721	HOXC11_453
HOXC12_454	0	0	0.740928286247638	0.0874728437726302	218182	19085	0.0648111042296623	27449	1779	HOXC12_454
ESX1_455	0	0.0017	0.922479801137031	0.0352274706437745	218182	7686	0.0324966301140297	27449	892	ESX1_455
BARHL1_456	0	0	0.838880883140319	0.0386512177906518	218182	8433	0.0324237677146708	27449	890	BARHL1_456
NKX24_457	0	0	0.800152214539041	0.0482166264861446	218182	10520	0.0385806404604904	27449	1059	NKX24_457
NKX22_458	0	0	0.74059917336295	0.0625716145236546	218182	13652	0.0463404859922037	27449	1272	NKX22_458
SIX1_459	0	0	0.743806830735461	0.0198366501361249	218182	4328	0.0147546358701592	27449	405	SIX1_459
HOXD1_460	0	0.0047	0.924381853092106	0.0277062269114776	218182	6045	0.025611133374622	27449	703	HOXD1_460
HOXD3_461	0	0	0.88493716197478	0.0368866359278034	218182	8048	0.0326423549127473	27449	896	HOXD3_461
HOXD9_462	0	0	0.749319512184785	0.0897507585410346	218182	19582	0.0672519946081824	27449	1846	HOXD9_462
HOXD10_463	0	0	0.752699254855873	0.102561164532363	218182	22377	0.0771977121206601	27449	2119	HOXD10_463
HOXD11_464	0	0	0.791211455665211	0.0269362275531437	218182	5877	0.0213122518124522	27449	585	HOXD11_464
HOXD13_465	0	0	0.756990224339206	0.07762785197679	218182	16937	0.058763525082881	27449	1613	HOXD13_465
MNX1_466	0	0	0.859835337241764	0.0714357738035218	218182	15586	0.0614230026594776	27449	1686	MNX1_466
CDX4_467	0	0	0.834393324294027	0.0615632820305983	218182	13432	0.0513679915479617	27449	1410	CDX4_467
BARX1_468	0	0	0.768048643031526	0.0840995132504056	218182	18349	0.0645925170315858	27449	1773	BARX1_468
LHX1_469	0	0	0.892711617021945	0.0645607795326837	218182	14086	0.0576341578928194	27449	1582	LHX1_469
GSC_470	0	2e-04	0.894629464119167	0.0289941425048812	218182	6326	0.0259390141717367	27449	712	GSC_470
MEIS2_471	0	0	0.87516246805645	0.0439174634021138	218182	9582	0.0384349156617727	27449	1055	MEIS2_471
RAX_472	0	0.0052	0.938934961133917	0.0405853828455143	218182	8855	0.0381070348646581	27449	1046	RAX_472
HNF1A_473	0	2e-04	0.944319330986139	0.0993803338497218	218182	21683	0.0938467703741484	27449	2576	HNF1A_473
EMX1_474	0	0.0228	0.945657184285291	0.0270828940975883	218182	5909	0.025611133374622	27449	703	EMX1_474
NKX28_475	0	0	0.831601221537914	0.0474007938326718	218182	10342	0.0394185580531167	27449	1082	NKX28_475
NKX21_476	0	0	0.901503843233792	0.0667195277337269	218182	14557	0.0601479106706984	27449	1651	NKX21_476
ZFHX2_477	0	0.2543	0.9958729344128	0.0297778918517568	218182	6497	0.029654996539036	27449	814	ZFHX2_477
HLX_478	0	0	0.924513676741974	0.0833432638806134	218182	18184	0.0770519873219425	27449	2115	HLX_478
LMX1B_479	0	0.0088	0.951788982986317	0.0533957888368426	218182	11650	0.0508215235527706	27449	1395	LMX1B_479
SIX3_480	0	0	0.751280623253169	0.02633122805731	218182	5745	0.0197821414259172	27449	543	SIX3_480
LBX1_481	0	0	0.889418242441669	0.0460807949326709	218182	10054	0.0409850996393311	27449	1125	LBX1_481
PDX1_482	0	0.0039	0.902928642440453	0.0178337351385541	218182	3891	0.0161025902582972	27449	442	PDX1_482
ZFHX3_483	0	2e-04	0.918556391775107	0.0508062076614936	218182	11085	0.0466683667893184	27449	1281	ZFHX3_483
BARHL2_484	0	0	0.819155395327325	0.0257949785041846	218182	5628	0.0211300958140552	27449	580	BARHL2_484
LHX9_485	0	0	0.883059297332519	0.0331695556920369	218182	7237	0.029290684542242	27449	804	LHX9_485
MEIS1_486	0	2e-04	0.934668226226927	0.0737457718785234	218182	16090	0.0689278297934351	27449	1892	MEIS1_486
DLX1_487	0	0	0.849740282795577	0.0383716346903044	218182	8372	0.0326059237130679	27449	895	DLX1_487
HMBOX1_488	0	0	0.797609068128926	0.0278620601149499	218182	6079	0.0222230318044373	27449	610	HMBOX1_488
VAX1_489	0	0.0192	0.946603365859364	0.0308274743104381	218182	6726	0.0291813909432038	27449	801	VAX1_489
VENTX_490	0	0	0.902145350652532	0.0508016243319797	218182	11084	0.045830449196692	27449	1258	VENTX_490
HHEX_491	0	0	0.795823075168324	0.0417495485420429	218182	9109	0.0332252541076178	27449	912	HHEX_491
TGIF2LX_492	0	0	0.901543732371957	0.0566545361212199	218182	12361	0.0510765419505264	27449	1402	TGIF2LX_492
ALX3_493	0	0.0121	0.942002422157391	0.0327570560357866	218182	7147	0.0308572261284564	27449	847	ALX3_493
HOXB13_494	0	0	0.752499424446185	0.0638091134924054	218182	13922	0.0480163211774564	27449	1318	HOXB13_494
IRX6_495	0	0	0.833231681780115	0.0475703770246858	218182	10379	0.0396371452511931	27449	1088	IRX6_495
ISL2_496	0	0	0.835783409356217	0.046117461568782	218182	10062	0.038544209260811	27449	1058	ISL2_496
PKNOX1_497	0	0	0.868876692333741	0.0698957750868541	218182	15250	0.0607308098655689	27449	1667	PKNOX1_497
LHX8_498	0	0	0.777307680443354	0.0344483046264128	218182	7516	0.026776931764363	27449	735	LHX8_498
LMX1A_499	0	0.0573	0.966332776164645	0.0350991374173855	218182	7658	0.0339174469015265	27449	931	LMX1A_499
EN1_500	0	0.0057	0.928288925092092	0.0288062259948117	218182	6285	0.0267405005646836	27449	734	EN1_500
MSX1_501	0	0	0.847648014063162	0.0306441411298824	218182	6686	0.0259754453714161	27449	713	MSX1_501
NKX61_502	0	0	0.758734497155404	0.114853654288621	218182	25059	0.0871434296331378	27449	2392	NKX61_502
HESX1_503	0	2e-04	0.899740211954344	0.0327570560357866	218182	7147	0.029472840540639	27449	809	HESX1_503
PITX2_504	0	0	0.665434724242405	0.0896224253146456	218182	19554	0.0596378738751867	27449	1637	PITX2_504
EN2_506	0	0	0.861173565379419	0.0423041314132238	218182	9230	0.0364311996794054	27449	1000	EN2_506
UNCX_507	0	0	0.779986362237056	0.0695474420437983	218182	15174	0.0542460563226347	27449	1489	UNCX_507
GBX1_508	0	1e-04	0.885018057572007	0.0286503927913393	218182	6251	0.0253561149768662	27449	696	GBX1_508
NKX63_509	0	0	0.890515445002858	0.0629199475667104	218182	13728	0.0560311851069256	27449	1538	NKX63_509
ZHX1_510	0	0.0012	0.830659580559942	0.00793832671806107	218182	1732	0.00659404714197238	27449	181	ZHX1_510
HDX_511	0	0	0.824334855456428	0.0919690900257583	218182	20066	0.0758133265328427	27449	2081	HDX_511
PHOX2A_512	0	0	0.780233816780568	0.0642491131257391	218182	14018	0.0501293307588619	27449	1376	PHOX2A_512
PKNOX2_513	0	0	0.888039501703006	0.072489939591717	218182	15816	0.0643739298335094	27449	1767	PKNOX2_513
CDX2_514	0	0	0.735518210736852	0.0810332658056118	218182	17680	0.0596014426755073	27449	1636	CDX2_514
OTX2_515	0	0	0.855352860664764	0.0325828895142587	218182	7109	0.0278698677547452	27449	765	OTX2_515
DRGX_516	0	0	0.768010123900613	0.0601011999156667	218182	13113	0.0461583299938067	27449	1267	DRGX_516
NKX31_517	0	0	0.655403447917128	0.0634791137674052	218182	13850	0.041604430033881	27449	1142	NKX31_517
PBX3_518	0	0.0536	0.972453068808127	0.0551832873472605	218182	12040	0.0536631571277642	27449	1473	PBX3_518
PRRX2_519	0	0	0.883059297332519	0.0331695556920369	218182	7237	0.029290684542242	27449	804	PRRX2_519
GBX2_520	0	0	0.886332739568693	0.0411032990805841	218182	8968	0.0364311996794054	27449	1000	GBX2_520
SHOX2_521	0	0	0.883059297332519	0.0331695556920369	218182	7237	0.029290684542242	27449	804	SHOX2_521
GSX1_522	0	0	0.906255517628717	0.0477170435691304	218182	10411	0.0432438340194543	27449	1187	GSX1_522
HOXD4_523	0	0	0.832749554448491	0.0388483009597492	218182	8476	0.032350905315312	27449	888	HOXD4_523
HOXD12_524	0	0	0.750643186274348	0.0863407613826988	218182	18838	0.0648111042296623	27449	1779	HOXD12_524
EMX2_525	0	0.0012	0.907371908416352	0.0269408108826576	218182	5878	0.0244453349848811	27449	671	EMX2_525
IRX1_526	0	0	0.70370182771004	0.0660595282837264	218182	14413	0.0464862107909213	27449	1276	IRX1_526
IRX2_527	0	0	0.749583774851628	0.0382983014180822	218182	8356	0.0287077853473715	27449	788	IRX2_527
SIX2_528	0	0	0.758478617707923	0.026033311638907	218182	5680	0.0197457102262378	27449	542	SIX2_528
HOXB9_529	0	0	0.761415767925301	0.082344098046585	218182	17966	0.0626980946482568	27449	1721	HOXB9_529
OTP_530	0	0.2996	1.00031413722635	0.0311024740812716	218182	6786	0.0311122445262122	27449	854	OTP_530
AC0125311_531	0	0	0.86326294603897	0.0914511737906885	218182	19953	0.0789464097052716	27449	2167	AC0125311_531
HOXB2_532	0	0.0087	0.948560916891046	0.0472403772996856	218182	10307	0.0448103756056687	27449	1230	HOXB2_532
RAX2_533	0	0	0.883059297332519	0.0331695556920369	218182	7237	0.029290684542242	27449	804	RAX2_533
EVX2_534	0	0.0069	0.925385017958162	0.024841645965295	218182	5420	0.0229880869977048	27449	631	EVX2_534
PROP1_535	0	0	0.733946210267679	0.0668616109486575	218182	14588	0.0490728259681591	27449	1347	PROP1_535
ISX_536	0	0	0.883059297332519	0.0331695556920369	218182	7237	0.029290684542242	27449	804	ISX_536
HOXD8_537	0	0	0.730263011377219	0.0817161819031818	218182	17829	0.0596743050748661	27449	1638	HOXD8_537
TGIF2LY_538	0	0	0.901543732371957	0.0566545361212199	218182	12361	0.0510765419505264	27449	1402	TGIF2LY_538
IRX5_539	0	0	0.748048260066225	0.044123713230239	218182	9627	0.0330066669095413	27449	906	IRX5_539
SIX5_540	0	0	0.801789655988561	0.0520712066073278	218182	11361	0.0417501548325986	27449	1146	SIX5_540
TGIF1_541	0	0	0.921428426646539	0.0694282754764371	218182	15148	0.063973186637036	27449	1756	TGIF1_541
IRX3_542	0	0	0.70370182771004	0.0660595282837264	218182	14413	0.0464862107909213	27449	1276	IRX3_542
LBX2_543	0	0	0.795089722133561	0.0321658065284946	218182	7018	0.0255747021749426	27449	702	LBX2_543
NKX26_544	0	0	0.759725878944042	0.0537074552437873	218182	11718	0.0408029436409341	27449	1120	NKX26_544
ALX1_545	0	0	0.774828689557578	0.0603716163569864	218182	13172	0.0467776603883566	27449	1284	ALX1_545
GSX2_546	0	0	0.88081555881056	0.0650191124840729	218182	14186	0.0572698458960254	27449	1572	GSX2_546
HOXC9_547	0	0	0.87611490891891	0.0664491112924073	218182	14498	0.0582170570876899	27449	1598	HOXC9_547
HOXC10_548	0	0	0.749806784112802	0.0857082619097817	218182	18700	0.0642646362344712	27449	1764	HOXC10_548
HOXB4_549	0	0	0.901233247391014	0.0713074405771329	218182	15558	0.0642646362344712	27449	1764	HOXB4_549
NKX25_550	0	0	0.667330832130207	0.0822707647743627	218182	17950	0.054901817916864	27449	1507	NKX25_550
POU6F1_551	0	0	0.751336751635713	0.0684657762785198	218182	14938	0.0514408539473205	27449	1412	POU6F1_551
SIX6_552	0	0	0.778096145850447	0.0278116434902971	218182	6068	0.0216401326095668	27449	594	SIX6_552
MIXL1_553	0	0	0.895243947542504	0.0449670458607951	218182	9811	0.040256475645743	27449	1105	MIXL1_553
DBX2_554	0	0	0.860162784043986	0.0520528732892723	218182	11357	0.0447739444059893	27449	1229	DBX2_554
PBX1_555	0	1e-04	0.910506584577443	0.044293296422253	218182	9664	0.0403293380451018	27449	1107	PBX1_555
SHOX_556	0	0	0.883059297332519	0.0331695556920369	218182	7237	0.029290684542242	27449	804	SHOX_556
HMX3_557	0	0	0.807260925353247	0.0517182902347581	218182	11284	0.0417501548325986	27449	1146	HMX3_557
HMX2_558	0	0	0.764065117831244	0.0587903676746936	218182	12827	0.0449196692047069	27449	1233	HMX2_558
BSX_559	0	0	0.866183265762461	0.0338158051534957	218182	7378	0.029290684542242	27449	804	BSX_559
DMBX1_560	0	0.0189	0.937489863900089	0.0227333143889047	218182	4960	0.0213122518124522	27449	585	DMBX1_560
HOXC6_561	0	0	0.771603667895992	0.13078530767891	218182	28535	0.100914423111953	27449	2770	HOXC6_561
HOXC5_562	0	0	0.918928746804865	0.0716786902677581	218182	15639	0.065867609020365	27449	1808	HOXC5_562
PBX2_563	0	0	0.870144098600633	0.0664445279628934	218182	14497	0.0578163138912164	27449	1587	PBX2_563
DUXA_564	0	0	0.769370432675628	0.0555912036739969	218182	12129	0.042770228423622	27449	1174	DUXA_564
DPRX_565	0	0.0044	0.91042394290503	0.0202078998267501	218182	4409	0.0183977558380997	27449	505	DPRX_565
AL8454643_566	0	0	0.870144098600633	0.0664445279628934	218182	14497	0.0578163138912164	27449	1587	AL8454643_566
NOTO_567	0	0.0032	0.923562192018722	0.0303737246885628	218182	6627	0.0280520237531422	27449	770	NOTO_567
HOMEZ_568	0	0	0.77720628144158	0.0241403965496695	218182	5267	0.0187620678348938	27449	515	HOMEZ_568
HMX1_569	0	0	0.779206529690066	0.0602661997781668	218182	13149	0.0469598163867536	27449	1289	HMX1_569
ENSG00000215754_570	0	0	0.747145813260922	0.0597803668496943	218182	13043	0.0446646508069511	27449	1226	ENSG00000215754_570
ENSG00000217642_571	0	0	0.747145813260922	0.0597803668496943	218182	13043	0.0446646508069511	27449	1226	ENSG00000217642_571
ENSG00000224558_572	0	0	0.747145813260922	0.0597803668496943	218182	13043	0.0446646508069511	27449	1226	ENSG00000224558_572
BX2846861_573	0	0	0.870144098600633	0.0664445279628934	218182	14497	0.0578163138912164	27449	1587	BX2846861_573
ENSG00000225958_574	0	0	0.747145813260922	0.0597803668496943	218182	13043	0.0446646508069511	27449	1226	ENSG00000225958_574
CR8124782_575	0	0	0.870144098600633	0.0664445279628934	218182	14497	0.0578163138912164	27449	1587	CR8124782_575
ENSG00000226866_576	0	0	0.747145813260922	0.0597803668496943	218182	13043	0.0446646508069511	27449	1226	ENSG00000226866_576
AC2261502_577	0	0	0.808607928051648	0.0453245455628787	218182	9889	0.0366497868774819	27449	1006	AC2261502_577
DUX4L5_578	0	0	0.747145813260922	0.0597803668496943	218182	13043	0.0446646508069511	27449	1226	DUX4L5_578
ENSG00000227522_579	0	0	0.747145813260922	0.0597803668496943	218182	13043	0.0446646508069511	27449	1226	ENSG00000227522_579
DUX4L2_580	0	0	0.747145813260922	0.0597803668496943	218182	13043	0.0446646508069511	27449	1226	DUX4L2_580
DUX4L3_581	0	0	0.747145813260922	0.0597803668496943	218182	13043	0.0446646508069511	27449	1226	DUX4L3_581
DUX4L6_582	0	0	0.747145813260922	0.0597803668496943	218182	13043	0.0446646508069511	27449	1226	DUX4L6_582
ENSG00000228710_583	0	0	0.747145813260922	0.0597803668496943	218182	13043	0.0446646508069511	27449	1226	ENSG00000228710_583
ENSG00000229544_584	0	7e-04	0.908583436399781	0.030914557571202	218182	6745	0.0280884549528216	27449	771	ENSG00000229544_584
CT4768282_585	0	0	0.747145813260922	0.0597803668496943	218182	13043	0.0446646508069511	27449	1226	CT4768282_585
ENSG00000230380_586	0	0	0.747145813260922	0.0597803668496943	218182	13043	0.0446646508069511	27449	1226	ENSG00000230380_586
ENSG00000230776_587	0	0	0.747145813260922	0.0597803668496943	218182	13043	0.0446646508069511	27449	1226	ENSG00000230776_587
AL5921702_588	0	0	0.747145813260922	0.0597803668496943	218182	13043	0.0446646508069511	27449	1226	AL5921702_588
BX9272396_589	0	0	0.870144098600633	0.0664445279628934	218182	14497	0.0578163138912164	27449	1587	BX9272396_589
ENSG00000232923_590	0	0	0.747145813260922	0.0597803668496943	218182	13043	0.0446646508069511	27449	1226	ENSG00000232923_590
ENSG00000233294_591	0	0	0.747145813260922	0.0597803668496943	218182	13043	0.0446646508069511	27449	1226	ENSG00000233294_591
ENSG00000233361_592	0	0	0.747145813260922	0.0597803668496943	218182	13043	0.0446646508069511	27449	1226	ENSG00000233361_592
ENSG00000233698_593	0	0	0.747145813260922	0.0597803668496943	218182	13043	0.0446646508069511	27449	1226	ENSG00000233698_593
ENSG00000233794_594	0	0	0.747145813260922	0.0597803668496943	218182	13043	0.0446646508069511	27449	1226	ENSG00000233794_594
ENSG00000234254_595	0	0	0.921705364296254	0.0676682769431026	218182	14764	0.0623702138511421	27449	1712	ENSG00000234254_595
ENSG00000234550_596	0	0	0.747145813260922	0.0597803668496943	218182	13043	0.0446646508069511	27449	1226	ENSG00000234550_596
NKX11_597	0	0	0.888957536589469	0.0350395541337049	218182	7645	0.0311486757258917	27449	855	NKX11_597
ENSG00000236207_598	0	0	0.747145813260922	0.0597803668496943	218182	13043	0.0446646508069511	27449	1226	ENSG00000236207_598
CR9338788_599	0	0	0.870144098600633	0.0664445279628934	218182	14497	0.0578163138912164	27449	1587	CR9338788_599
AL6628305_600	0	0	0.870144098600633	0.0664445279628934	218182	14497	0.0578163138912164	27449	1587	AL6628305_600
ENSG00000237516_601	0	0	0.747145813260922	0.0597803668496943	218182	13043	0.0446646508069511	27449	1226	ENSG00000237516_601
ENSG00000250589_602	0	0	0.747145813260922	0.0597803668496943	218182	13043	0.0446646508069511	27449	1226	ENSG00000250589_602
DUX4_603	0	0	0.747145813260922	0.0597803668496943	218182	13043	0.0446646508069511	27449	1226	DUX4_603
PAX6_604	0	0	0.848485779282065	0.0338341384715513	218182	7382	0.0287077853473715	27449	788	PAX6_604
PAX7_605	0	0.0767	0.960143645420751	0.0182508181243182	218182	3982	0.017523407045794	27449	481	PAX7_605
PAX2_606	0	0	0.81616816641772	0.0232558139534884	218182	5074	0.0189806550329702	27449	521	PAX2_606
PAX4_607	0	3e-04	0.889521122977883	0.0249012292489756	218182	5433	0.0221501694050785	27449	608	PAX4_607
PAX3_608	0	0.3338	1.00570926633022	0.0123887396760503	218182	2703	0.0124594702903567	27449	342	PAX3_608
POU2F2_609	0	0	0.799664095048344	0.075125354062205	218182	16391	0.0600750482713396	27449	1649	POU2F2_609
POU1F1_610	0	0	0.779780490138511	0.0838153468205443	218182	18287	0.0653575722248534	27449	1794	POU1F1_610
POU4F3_611	0	0	0.84081168430162	0.103945330045558	218182	22679	0.0873984480308937	27449	2399	POU4F3_611
POU6F2_612	0	0	0.877852590650133	0.0524149563208697	218182	11436	0.0460126051950891	27449	1263	POU6F2_612
POU2F3_613	0	0	0.811951396801122	0.0695016087486594	218182	15164	0.056431928303399	27449	1549	POU2F3_613
POU2F1_614	0	0	0.784872280757579	0.0809507658743618	218182	17662	0.0635360122408831	27449	1744	POU2F1_614
POU4F2_615	0	0	0.811154747676168	0.106443244630629	218182	23224	0.0863419432401909	27449	2370	POU4F2_615
POU4F1_616	0	0	0.833796832569772	0.105081995765004	218182	22927	0.0876170352289701	27449	2405	POU4F1_616
POU3F2_617	0	0	0.756120343895787	0.0602753664371946	218182	13151	0.0455754307989362	27449	1251	POU3F2_617
POU3F1_618	0	0	0.845349342110113	0.0527495393753839	218182	11509	0.0445917884075923	27449	1224	POU3F1_618
POU3F4_619	0	0	0.816536706004585	0.0650511957906702	218182	14193	0.0531166891325731	27449	1458	POU3F4_619
POU3F3_620	0	0	0.755451610587141	0.0966899194250671	218182	21096	0.0730445553572079	27449	2005	POU3F3_620
POU5F1_621	0	0	0.773296987588405	0.0897003419163817	218182	19571	0.069365004189588	27449	1904	POU5F1_621
POU5F1B_622	0	0	0.811951396801122	0.0695016087486594	218182	15164	0.056431928303399	27449	1549	POU5F1B_622
HSF2_623	0	0	0.803219678870722	0.0584191179840683	218182	12746	0.0469233851870742	27449	1288	HSF2_623
HSF4_624	0	0	0.841065745815326	0.0487299593917005	218182	10632	0.0409850996393311	27449	1125	HSF4_624
HSFY2_625	0	0	0.786516495182047	0.0113483238763968	218182	2476	0.00892564392145433	27449	245	HSFY2_625
HSFY1_626	0	0	0.786516495182047	0.0113483238763968	218182	2476	0.00892564392145433	27449	245	HSFY1_626
HSF1_627	0	0	0.813351724629739	0.0508382909680909	218182	11092	0.0413494116361252	27449	1135	HSF1_627
IRF1_629	0	0	0.761960067014057	0.26473769605192	218182	57761	0.201719552624868	27449	5537	IRF1_629
IRF3_630	0	0	0.821585013503633	0.0987065844111797	218182	21536	0.0810958504863565	27449	2226	IRF3_630
IRF5_631	0	0	0.869748918542069	0.0325462228781476	218182	7101	0.028307042150898	27449	777	IRF5_631
IRF4_632	0	0	0.645950393008957	0.117479902100082	218182	25632	0.0758861889322015	27449	2083	IRF4_632
IRF8_633	0	0	0.747731594595689	0.0594412004656663	218182	12969	0.0444460636088746	27449	1220	IRF8_633
IRF2_634	0	0	0.760496352606854	0.0806711827740144	218182	17601	0.0613501402601188	27449	1684	IRF2_634
IRF7_635	0	0	0.797394612312864	0.0690799424333813	218182	15072	0.055083973915261	27449	1512	IRF7_635
IRF9_636	0	0	0.765423823036122	0.0525937061719115	218182	11475	0.040256475645743	27449	1105	IRF9_636
NAIF1_637	0	0.0103	0.868791414365769	0.00675124437396302	218182	1473	0.00586542314838428	27449	161	NAIF1_637
AC0021266_638	0	0	0.612804996776437	0.0898882584264513	218182	19612	0.055083973915261	27449	1512	AC0021266_638
MEF2A_639	0	0	0.626074333472338	0.11312115573237	218182	24681	0.0708222521767642	27449	1944	MEF2A_639
MEF2C_640	0	0	0.626925741020593	0.166778194351505	218182	36388	0.104557543079894	27449	2870	MEF2C_640
SRF_641	0	0	0.744721615821444	0.0565995361670532	218182	12349	0.0421508980290721	27449	1157	SRF_641
MEF2D_642	0	0	0.620744947003249	0.103528247059794	218182	22588	0.0642646362344712	27449	1764	MEF2D_642
MEF2B_643	0	0	0.612804996776437	0.0898882584264513	218182	19612	0.055083973915261	27449	1512	MEF2B_643
CDC5L_646	0	0	0.760328395817773	0.0517962068364943	218182	11301	0.0393821268534373	27449	1081	CDC5L_646
MYB_648	0	0.0016	0.929370648507253	0.0427670476941269	218182	9331	0.0397464388502313	27449	1091	MYB_648
TERF2_649	0	0	0.780699565762431	0.0321520565399529	218182	7015	0.0251010965791103	27449	689	TERF2_649
SMARCC1_651	0	0	0.318291363204168	0.138952800872666	218182	30317	0.0442274764107982	27449	1214	SMARCC1_651
MYBL1_653	0	0.0037	0.889026346411909	0.0138508217909818	218182	3022	0.012313745491639	27449	338	MYBL1_653
C11orf9_654	0	0.0018	0.793322768285426	0.00472999605833662	218182	1032	0.00375241356697876	27449	103	C11orf9_654
NR1H4_655	0	3e-04	0.92412819069755	0.0516037069969108	218182	11259	0.0476884403803417	27449	1309	NR1H4_655
NR1H3_656	0	0	0.836344262751783	0.054188704842746	218182	11823	0.0453204124011804	27449	1244	NR1H3_656
NR2E3_657	0	0	0.704150197397776	0.124739896050087	218182	27216	0.0878356224270465	27449	2411	NR2E3_657
RORA_658	0	0	0.66722824774755	0.0545462045448295	218182	11901	0.036394768479726	27449	999	RORA_658
RARB_659	0	0	0.712680655344311	0.0730995224170646	218182	15949	0.0520966155415498	27449	1430	RARB_659
PGR_660	0	0	0.775537667786792	0.0723891063424114	218182	15794	0.0561404787059638	27449	1541	PGR_660
HNF4A_662	0	0	0.92343179957886	0.0921203398997168	218182	20099	0.0850668512514117	27449	2335	HNF4A_662
VDR_663	0	1e-04	0.902521777374878	0.0418595484503763	218182	9133	0.0377791540675434	27449	1037	VDR_663
PPARD_664	0	0	0.901870086623026	0.0807903493413756	218182	17627	0.0728623993588109	27449	2000	PPARD_664
NR2E1_665	0	0	0.746480223402452	0.0948749209375659	218182	20700	0.0708222521767642	27449	1944	NR2E1_665
NR3C1_666	0	0	0.853275338083108	0.0699782750181041	218182	15268	0.0597107362745455	27449	1639	NR3C1_666
NR5A2_667	0	0.1252	0.987297032432742	0.0797407668826943	218182	17398	0.0787278225071952	27449	2161	NR5A2_667
NR4A3_668	0	0	0.846932028740898	0.0895582587014511	218182	19540	0.0758497577325221	27449	2082	NR4A3_668
ESRRB_669	0	0	0.85331338769347	0.0613936988385843	218182	13395	0.052388065138985	27449	1438	ESRRB_669
NR2C1_670	0	0	0.837525081039124	0.0765141029049142	218182	16694	0.0640824802360742	27449	1759	NR2C1_670
NR4A1_671	0	0	0.842079454326634	0.0755378537184552	218182	16481	0.0636088746402419	27449	1746	NR4A1_671
THRA_672	0	4e-04	0.90311770750659	0.0304562246198128	218182	6645	0.0275055557579511	27449	755	THRA_672
NR1D1_673	0	0	0.664017384717254	0.0688553592872006	218182	15023	0.0457211555976538	27449	1255	NR1D1_673
NR1H2_674	0	0	0.836344262751783	0.054188704842746	218182	11823	0.0453204124011804	27449	1244	NR1H2_674
RARA_675	0	0	0.879926865974807	0.0597024502479581	218182	13026	0.0525337899377026	27449	1442	RARA_675
PPARG_676	0	1e-04	0.910963388328396	0.0477903768413526	218182	10427	0.0435352836168895	27449	1195	PPARG_676
NR5A1_677	0	0	0.907677137787723	0.078989100842416	218182	17234	0.0716966009690699	27449	1968	NR5A1_677
ESR2_678	0	0.3743	1.00402273637578	0.0767432693806089	218182	16744	0.0770519873219425	27449	2115	ESR2_678
RXRG_679	0	0	0.868430915328441	0.0592762006031662	218182	12933	0.0514772851469999	27449	1413	RXRG_679
NR1I3_680	0	0	0.865488821852436	0.06726494394588	218182	14676	0.0582170570876899	27449	1598	NR1I3_680
RORC_681	0	0	0.758574630675072	0.0533087055760787	218182	11631	0.04043863164414	27449	1110	RORC_681
NR1I2_682	0	0	0.775188369141115	0.0740666049444959	218182	16160	0.057415570694743	27449	1576	NR1I2_682
NR6A1_683	0	0	0.791893599845782	0.066247444793796	218182	14454	0.0524609275383438	27449	1440	NR6A1_683
THRB_684	0	0.0321	0.954168967337006	0.0306212244823129	218182	6681	0.0292178221428832	27449	802	THRB_684
NR3C2_685	0	0	0.735473287664544	0.0409153825705145	218182	8927	0.0300921709351889	27449	826	NR3C2_685
NR4A2_686	0	0	0.741482606555812	0.071046190794841	218182	15501	0.0526795147364203	27449	1446	NR4A2_686
NR2F6_687	0	0	0.882438029400452	0.0599041167465694	218182	13070	0.0528616707348173	27449	1451	NR2F6_687
HNF4G_688	0	0	0.890022366699438	0.0999990833340972	218182	21818	0.0890014208167875	27449	2443	HNF4G_688
AR_689	0	4e-04	0.888531856328819	0.0234528971225857	218182	5117	0.0208386462166199	27449	572	AR_689
RARG_690	0	0	0.851828776170592	0.048028709976075	218182	10479	0.0409122372399723	27449	1123	RARG_690
ESRRA_691	0	0	0.86472134490579	0.0642491131257391	218182	14018	0.0555575795110933	27449	1525	ESRRA_691
NR2F1_692	0	0	0.869953370308438	0.0706886910927574	218182	15423	0.0614958650588364	27449	1688	NR2F1_692
NR2F2_694	0	0	0.837105560237994	0.108235326470561	218182	23615	0.0906043936026813	27449	2487	NR2F2_694
RXRA_695	0	0	0.901817270683702	0.0599499500417083	218182	13080	0.0540639003242377	27449	1484	RXRA_695
PPARA_696	0	0	0.829319659190385	0.0647074460771283	218182	14118	0.0536631571277642	27449	1473	PPARA_696
ESRRG_697	0	0	0.865480374653986	0.0628878642601131	218182	13721	0.0544282123210317	27449	1494	ESRRG_697
RXRB_698	0	0	0.894831213141633	0.0604586996177503	218182	13191	0.0541003315239171	27449	1485	RXRB_698
TP63_704	0	0.0017	0.944866882133073	0.0675903603413664	218182	14747	0.0638638930379977	27449	1753	TP63_704
TP73_705	0	0.5006	1.01020293026706	0.0684841095965753	218182	14942	0.0691828481911909	27449	1899	TP73_705
PAX8_707	0	0	0.825438743546244	0.0361028865809278	218182	7877	0.0298007213377537	27449	818	PAX8_707
LCOR_711	0	0	0.688646302616307	0.0630070308274743	218182	13747	0.0433895588181719	27449	1191	LCOR_711
PROX1_712	0	0.0306	0.938206038852514	0.0174349854708454	218182	3804	0.016357608656053	27449	449	PROX1_712
NFATC3_713	0	0	0.767792341586409	0.0928582559514534	218182	20260	0.0712958577725964	27449	1957	NFATC3_713
NFATC4_715	0	0	0.787020251817854	0.120307816410153	218182	26249	0.0946846879667747	27449	2599	NFATC4_715
NFATC2_716	0	0	0.758581667562442	0.102822414314655	218182	22434	0.0779991985136071	27449	2141	NFATC2_716
NFAT5_717	0	0	0.773970444121316	0.0737595218670651	218182	16093	0.0570876898976283	27449	1567	NFAT5_717
NFATC1_720	0	0	0.813143847252145	0.0844982629181142	218182	18436	0.0687092425953587	27449	1886	NFATC1_720
RFX1_726	0	0.0855	0.977190854894084	0.0477949601708665	218182	10428	0.0467047979889978	27449	1282	RFX1_726
RUNX3_731	0	0.0032	0.929406888186928	0.0355528870392608	218182	7757	0.0330430981092207	27449	907	RUNX3_731
RUNX2_732	0	0	0.919084934916849	0.102822414314655	218182	22434	0.0945025319683777	27449	2594	RUNX2_732
RUNX1_733	0	0	0.868755615910006	0.264609362825531	218182	57733	0.229880869977048	27449	6310	RUNX1_733
ENSG00000250096_734	0	0	0.919084934916849	0.102822414314655	218182	22434	0.0945025319683777	27449	2594	ENSG00000250096_734
GMEB2_735	0	0.0491	0.92478408724896	0.00807582660347783	218182	1762	0.00746839593427812	27449	205	GMEB2_735
AIRE_736	0	0	0.739981748656561	0.0575528687059427	218182	12557	0.042588072425225	27449	1169	AIRE_736
GMEB1_737	0	0.0487	0.904423438519519	0.00495457920451733	218182	1081	0.00448103756056687	27449	123	GMEB1_737
NFIX_738	0	0.2988	1.00005546566218	0.0815649320292233	218182	17796	0.0815694560821888	27449	2239	NFIX_738
SMAD4_739	0	0.0014	0.948890541297604	0.0816245153129039	218182	17809	0.077452730518416	27449	2126	SMAD4_739
NFIC_740	0	0	0.850546123201452	0.251171040690799	218182	54801	0.213632554920034	27449	5864	NFIC_740
NFIB_741	0	0.3736	1.00412815822965	0.0720911899240084	218182	15729	0.0723887937629786	27449	1987	NFIB_741
NFIA_742	0	0.4878	1.00957486251453	0.0694649421125482	218182	15156	0.0701300593828555	27449	1925	NFIA_742
SMAD3_743	0	0	0.823557277950258	0.0195524837062636	218182	4266	0.0161025902582972	27449	442	SMAD3_743
SOX8_746	0	0	0.807938534618007	0.0560037033302472	218182	12219	0.0452475500018216	27449	1242	SOX8_746
SOX30_747	0	0	0.795995484607092	0.0643499463750447	218182	14040	0.0512222667492441	27449	1406	SOX30_747
HMG20B_748	0	0	0.674418305614809	0.0996645002795831	218182	21745	0.067215563408503	27449	1845	HMG20B_748
CIC_749	0	0	0.717349705312108	0.0806986827510977	218182	17607	0.0578891762905753	27449	1589	CIC_749
TCF7_750	0	0.0093	0.955174301819342	0.0598812000989999	218182	13065	0.0571969834966665	27449	1570	TCF7_750
SOX10_751	0	0	0.752567923500357	0.0683053597455335	218182	14903	0.0514044227476411	27449	1411	SOX10_751
HBP1_752	0	0	0.8047894463889	0.0477124602396165	218182	10410	0.0383984844620933	27449	1054	HBP1_752
BBX_753	0	5e-04	0.879638605937708	0.0194241504798746	218182	4238	0.0170862326496412	27449	469	BBX_753
SOX4_754	0	1e-04	0.935133177464946	0.080643682796931	218182	17595	0.0754125833363693	27449	2070	SOX4_754
SOX21_755	0	0	0.737195489190765	0.061279115600737	218182	13370	0.0451746876024628	27449	1240	SOX21_755
SOX9_756	0	0	0.829958592767963	0.0614532821222649	218182	13408	0.0510036795511676	27449	1400	SOX9_756
SOX15_757	0	0	0.773091877981942	0.0607428660476116	218182	13253	0.0469598163867536	27449	1289	SOX15_757
SOX5_758	0	0	0.765026359819307	0.0448112126573228	218182	9777	0.0342817588983205	27449	941	SOX5_758
SOX3_759	0	0	0.758366028274904	0.0563978696684419	218182	12305	0.042770228423622	27449	1174	SOX3_759
LEF1_760	0	0	0.798921894964005	0.085272845605962	218182	18605	0.0681263434004882	27449	1870	LEF1_760
SOX13_761	0	0.1462	0.976490418728752	0.0167887360093867	218182	3663	0.0163940398557324	27449	450	SOX13_761
TCF7L2_762	0	0	0.898923349450015	0.074570771191024	218182	16270	0.067033407410106	27449	1840	TCF7L2_762
TCF7L1_763	0	0	0.792498889757002	0.0801257665618612	218182	17482	0.0634995810412037	27449	1743	TCF7L1_763
SOX17_764	0	0	0.805638546617707	0.0652528622892814	218182	14237	0.0525702211373821	27449	1443	SOX17_764
SOX14_765	0	0	0.724112736248452	0.0438716301069749	218182	9572	0.0317680061204415	27449	872	SOX14_765
SOX7_766	0	0	0.74145907457366	0.0611232823972647	218182	13336	0.0453204124011804	27449	1244	SOX7_766
SOX11_767	0	0	0.778520931595674	0.0764636862802614	218182	16683	0.0595285802761485	27449	1634	SOX11_767
SOX12_768	0	0	0.763706756785734	0.0730811890990091	218182	15945	0.0558125979088491	27449	1532	SOX12_768
SOX2_769	0	0	0.756778944404738	0.0594045338295551	218182	12961	0.0449561004043863	27449	1234	SOX2_769
SOX1_770	0	0	0.737712508669756	0.0909653408622159	218182	19847	0.0671062698094648	27449	1842	SOX1_770
SRY_771	0	0	0.787067420597932	0.107016160819866	218182	23349	0.0842289336587854	27449	2312	SRY_771
SOX18_772	0	0	0.754303337675776	0.0595512003739997	218182	12993	0.0449196692047069	27449	1233	SOX18_772
STAT1_773	0	0	0.820822483330224	0.0944486712927739	218182	20607	0.0775255929177748	27449	2128	STAT1_773
STAT5A_774	0	0	0.808368957676805	0.0552978705851078	218182	12065	0.0447010820066305	27449	1227	STAT5A_774
STAT4_775	0	0	0.798780461102208	0.0427807976826686	218182	9334	0.0341724652992823	27449	938	STAT4_775
STAT6_776	0	0.0165	0.967890136141783	0.0879265933945055	218182	19184	0.0851032824510911	27449	2336	STAT6_776
STAT3_777	0	0	0.795848432742684	0.099838666801111	218182	21783	0.0794564465007833	27449	2181	STAT3_777
STAT2_778	0	0	0.758720016685516	0.203206497327919	218182	44336	0.154176837043244	27449	4232	STAT2_778
STAT5B_779	0	0	0.772980806179078	0.0615999486667094	218182	13440	0.0476155779809829	27449	1307	STAT5B_779
TBX21_780	0	0.0027	0.906970099797921	0.0216103986580011	218182	4715	0.0195999854275201	27449	538	TBX21_780
TBX5_781	0	0	0.836117065801351	0.0626999477500435	218182	13680	0.0524244963386644	27449	1439	TBX5_781
TBX15_782	0	0	0.850909063056535	0.0427716310236408	218182	9332	0.036394768479726	27449	999	TBX15_782
TBX2_783	0	0	0.807866888402507	0.0355803870163442	218182	7763	0.0287442165470509	27449	789	TBX2_783
TBX4_784	0	0	0.836117065801351	0.0626999477500435	218182	13680	0.0524244963386644	27449	1439	TBX4_784
TBX3_785	0	0	0.777731516858874	0.0776186853177622	218182	16935	0.0603664978687748	27449	1657	TBX3_785
TBR1_786	0	0	0.860890175995285	0.0573832855139287	218182	12520	0.0494007067652738	27449	1356	TBR1_786
TBX19_787	0	0	0.830263118035412	0.0256253953121706	218182	5591	0.0212758206127728	27449	584	TBX19_787
EOMES_788	0	0	0.836377313660924	0.0537945385045512	218182	11737	0.0449925316040657	27449	1235	EOMES_788
T_789	0	0	0.739426422095732	0.0450816290986424	218182	9836	0.033334547706656	27449	915	T_789
TBX20_790	0	0.0027	0.94269490127194	0.0561137032385806	218182	12243	0.0528981019344967	27449	1452	TBX20_790
TBX10_791	0	0	0.859233483321328	0.0630482807930993	218182	13756	0.0541731939232759	27449	1487	TBX10_791
TBX1_792	0	0	0.777346666410004	0.0902640914465905	218182	19694	0.0701664905825349	27449	1926	TBX1_792
TBP_793	0	0	0.69669284536233	0.0586712011073324	218182	12801	0.0408758060402929	27449	1122	TBP_793
TBPL2_794	0	0	0.657576052020111	0.102881997598335	218182	22447	0.0676527378046559	27449	1857	TBPL2_794
TEAD3_795	0	0.8192	1.02300904383942	0.0614303654746954	218182	13403	0.0628438194469744	27449	1725	TEAD3_795
PRKRIR_799	0	0	0.820578983151853	0.0281920598399501	218182	6151	0.0231338117964225	27449	635	PRKRIR_799
NFYC_800	0	0.3916	1.00571919463855	0.0570166191528174	218182	12440	0.0573427082953842	27449	1574	NFYC_800
CBFB_801	0	0	0.930599801919874	0.0817803485163762	218182	17843	0.076104776130278	27449	2089	CBFB_801
HLTF_802	0	0.0725	0.981635697500375	0.0876974269188109	218182	19134	0.0860869248424351	27449	2363	HLTF_802
CEBPZ_806	0	0	0.900910624997621	0.0554812037656635	218182	12105	0.0499836059601443	27449	1372	CEBPZ_806
NFYB_807	0	0.013	0.956110702026764	0.0544499546250378	218182	11880	0.0520601843418704	27449	1429	NFYB_807
FUBP1_809	0	0	0.743350669873887	0.174473604605329	218182	38067	0.129695070858683	27449	3560	FUBP1_809
BPTF_812	0	0	0.79599093298166	0.116297403085497	218182	25374	0.0925716783853692	27449	2541	BPTF_812
TOPORS_814	0	0	0.856326205643636	0.0999349167209027	218182	21804	0.0855768880469234	27449	2349	TOPORS_814
CPEB1_815	0	0	0.732844186367799	0.122888230926474	218182	26812	0.0900579256074902	27449	2472	CPEB1_815
NEUROD4_820	0	0.0104	0.935056249760317	0.027857476785436	218182	6078	0.0260483077707749	27449	715	NEUROD4_820
NEUROD6_821	0	0.0104	0.935056249760317	0.027857476785436	218182	6078	0.0260483077707749	27449	715	NEUROD6_821
BCL11B_825	0	0	0.819916771389752	0.181330265558112	218182	39563	0.148675725891654	27449	4081	BCL11B_825
YBX2_827	0	0	0.681819503459958	0.0368683026097478	218182	8044	0.0251375277787898	27449	690	YBX2_827
CSDA_828	0	0	0.681819503459958	0.0368683026097478	218182	8044	0.0251375277787898	27449	690	CSDA_828
FOXN3_829	0	0	0.778676428925238	0.10218074818271	218182	22294	0.0795657400998215	27449	2184	FOXN3_829
FOXD4_830	0	0	0.805310277889059	0.102872830939308	218182	22445	0.082844548070968	27449	2274	FOXD4_830
FOXD4L1_831	0	0	0.805310277889059	0.102872830939308	218182	22445	0.082844548070968	27449	2274	FOXD4L1_831
FOXD4L3_832	0	0	0.853758034769107	0.100704916079237	218182	21972	0.0859776312433968	27449	2360	FOXD4L3_832
FOXD4L5_833	0	0	0.853758034769107	0.100704916079237	218182	21972	0.0859776312433968	27449	2360	FOXD4L5_833
FOXD4L6_834	0	0	0.853758034769107	0.100704916079237	218182	21972	0.0859776312433968	27449	2360	FOXD4L6_834
NANOGP1_835	0	0	0.862072142782514	0.0356674702771081	218182	7782	0.0307479325294182	27449	844	NANOGP1_835
AL7735441_836	0	0	0.769680281012547	0.100109083242431	218182	21842	0.0770519873219425	27449	2115	AL7735441_836
CR3882292_837	0	0	0.769680281012547	0.100109083242431	218182	21842	0.0770519873219425	27449	2115	CR3882292_837
AL6628334_838	0	0	0.769680281012547	0.100109083242431	218182	21842	0.0770519873219425	27449	2115	AL6628334_838
CR7598154_839	0	0	0.769680281012547	0.100109083242431	218182	21842	0.0770519873219425	27449	2115	CR7598154_839
BX0885802_840	0	0	0.769680281012547	0.100109083242431	218182	21842	0.0770519873219425	27449	2115	BX0885802_840
NR1D2_841	0	0	0.732240603756283	0.0443299630583641	218182	9672	0.0324601989143503	27449	891	NR1D2_841
NFE2L3_845	0	0	0.733980616821141	0.0558891200923999	218182	12194	0.0410215308390105	27449	1126	NFE2L3_845
ZFP42_848	0	0	0.893709323687617	0.0622874480937933	218182	13590	0.0556668731101315	27449	1528	ZFP42_848
ZNF187_849	0	0	0.691298812681257	0.0139654050288291	218182	3047	0.00965426791504244	27449	265	ZNF187_849
ZNF75C_851	0	4e-04	0.947314581652472	0.0967586693677755	218182	21111	0.0916608983933841	27449	2516	ZNF75C_851
DMRTC2_852	0	0	0.749801821046175	0.0298328918059235	218182	6509	0.0223687566031549	27449	614	DMRTC2_852
FOXJ1_853	0	0	0.805310277889059	0.102872830939308	218182	22445	0.082844548070968	27449	2274	FOXJ1_853
FOXN2_854	0	0	0.778676428925238	0.10218074818271	218182	22294	0.0795657400998215	27449	2184	FOXN2_854
FOXL2_855	0	0	0.778676428925238	0.10218074818271	218182	22294	0.0795657400998215	27449	2184	FOXL2_855
FOXD4L4_856	0	0	0.853758034769107	0.100704916079237	218182	21972	0.0859776312433968	27449	2360	FOXD4L4_856
FOXD4L2_857	0	0	0.853758034769107	0.100704916079237	218182	21972	0.0859776312433968	27449	2360	FOXD4L2_857
DUX1_859	0	0	0.747145813260922	0.0597803668496943	218182	13043	0.0446646508069511	27449	1226	DUX1_859
DUX3_860	0	0	0.747145813260922	0.0597803668496943	218182	13043	0.0446646508069511	27449	1226	DUX3_860
PBX4_861	0	0	0.761389063714033	0.0432070473274606	218182	9427	0.0328973733105031	27449	903	PBX4_861
NKX62_862	0	2e-04	0.925314242048977	0.0578370351358041	218182	12619	0.0535174323290466	27449	1469	NKX62_862
HOXA4_863	0	0	0.86326294603897	0.0914511737906885	218182	19953	0.0789464097052716	27449	2167	HOXA4_863
CR8477943_864	0	0	0.769680281012547	0.100109083242431	218182	21842	0.0770519873219425	27449	2115	CR8477943_864
RORB_865	0	0	0.697195125526368	0.0479691266923944	218182	10466	0.0334438413056942	27449	918	RORB_865
SMAD9_867	0	0	0.884246540564228	0.0646020294983087	218182	14095	0.0571241210973077	27449	1568	SMAD9_867
SOX6_868	0	0	0.765026359819307	0.0448112126573228	218182	9777	0.0342817588983205	27449	941	SOX6_868
TBX18_869	0	0	0.850909063056535	0.0427716310236408	218182	9332	0.036394768479726	27449	999	TBX18_869
TBX22_870	0	0	0.850909063056535	0.0427716310236408	218182	9332	0.036394768479726	27449	999	TBX22_870
