GeneID	GeneName	featureID	exonBaseMean	dispersion	stat	pvalue	padj	Mut	WT	log2fold_WT_Mut	genomicData.seqnames	genomicData.start	genomicData.end	genomicData.width	genomicData.strand	ME	FE	MC	transcripts	ME_IR	ME_ER	FE_IR	FE_ER	MC_IR	MC_ER	ME_PSI	FE_PSI	MC_PSI	deltaPSI
ENSMUSG00000003545	Fosb	E012	753.068234123796	0.00119102680229693	167.650085121571	2.41230268235437e-38	1.37326360949728e-34	36.4884270520064	53.0522118498029	1.22320235504127	7	19307441	19309305	1865	-	497	338	1899	ENSMUST00000208230:Fosb-204:ENSMUSE00001380291:Exon1:19306416:19310044	497	316	338	215	1899	404	0.6113	0.6112	0.8246	-0.2134
ENSMUSG00000031770	Herpud1	E015	103.203499546637	0.00316842437721685	115.766146207931	5.34781416890931e-27	1.7396439491462e-23	11.1145242637814	24.6093037178833	2.34115192982181	8	94393531	94393795	265	+	46	32	334	ENSMUST00000160866:Herpud1-203:ENSMUSE00000865860:Exon1:94393531:94393901	46	324	32	255	334	329	0.1243	0.1115	0.5038	-0.3859
ENSMUSG00000074398	Gm15441	E003	42.27431118111	0.00710780252814129	108.295837010427	2.31510302870546e-25	5.85746789629466e-22	14.3883813461144	1.30256860248258	-6.95130768633014	3	96557286	96557588	303	-	93	28	1	ENSMUST00000098839:Gm15441-201:ENSMUSE00000637439:Exon2:96557286:96557588;ENSMUST00000107095:Gm15441-202:ENSMUSE00000637436:Exon3:96557286:96558397	93	0	28	0	1	1	1.0000	1.0000	0.5000	0.5000
ENSMUSG00000028410	Dnaja1	E016	129.22742622121	0.00328714623500166	106.445484951107	5.88904341834734e-25	1.34099407679187e-21	13.1253080116063	26.6723129698708	2.09920162941416	4	40726210	40727955	1746	+	68	33	430	ENSMUST00000129204:Dnaja1-204:ENSMUSE00000835166:Exon4:40726105:40728183	68	116	33	59	430	134	0.3696	0.3587	0.7624	-0.3982
ENSMUSG00000020048	Hsp90b1	E013	87.8831452271126	0.00429787461053698	104.605129483531	1.49070394941323e-24	3.08589269382624e-21	7.96546677933679	21.9616109982022	2.96774745232608	10	86695543	86695659	117	-	20	9	368	ENSMUST00000134515:Hsp90b1-204:ENSMUSE00000802254:Exon1:86695477:86695721	20	233	9	83	368	284	0.0791	0.0978	0.5644	-0.4760
ENSMUSG00000003814	Calr	E010	89.6887860926834	0.00668197481531677	103.929349484448	2.09660571323121e-24	3.97848405799898e-21	6.5428324195949	21.8821364521273	3.52667851062577	8	84845437	84845749	313	-	12	6	396	ENSMUST00000128028:Calr-203:ENSMUSE00000802496:Exon3:84845437:84846065	12	196	6	43	396	263	0.0577	0.1224	0.6009	-0.5108
ENSMUSG00000032115	Hyou1	E047	63.7549461407351	0.00570943007594195	89.9041321555069	2.49984359106247e-21	4.06599560086311e-18	5.43713859841529	18.2576650020692	3.52525829915633	9	44389628	44390660	1033	+	8	4	283	ENSMUST00000161537:Hyou1-207:ENSMUSE00000856688:Exon17:44389231:44390736	8	54	4	34	283	101	0.1290	0.1053	0.7370	-0.6199
ENSMUSG00000027422	Rrbp1	E034	120.485975177843	0.00228574269758825	78.1424022769044	9.58736802699057e-19	1.28419974907413e-15	18.3726061814049	7.80306140053966	-2.49828832468537	2	143985853	143986169	317	-	215	91	23	ENSMUST00000037875:Rrbp1-202:ENSMUSE00000348502:Exon3:143985853:143986169	215	27	91	7	23	34	0.8884	0.9286	0.4035	0.5050
ENSMUSG00000026864	Hspa5	E013	86.6213388377298	0.00400825290126801	75.3704223516594	3.90191556628848e-18	4.67634312420816e-15	10.0889340096082	21.2725313700285	2.18713459970575	2	34773934	34774027	94	+	33	17	320	ENSMUST00000145466:Hspa5-205:ENSMUSE00000759725:Exon3:34773821:34774192	33	674	17	303	320	1428	0.0467	0.0531	0.1831	-0.1332
ENSMUSG00000032383	Ppib	E005	54.699662551632	0.00474975505992423	75.1558053658241	4.34995841033688e-18	4.95264514808905e-15	8.32347649403783	18.8698269922571	2.39004372459826	9	66063083	66065486	2404	+	71	28	86	ENSMUST00000213785:Ppib-202:ENSMUSE00001393870:Exon3:66062989:66065671	71	482	28	163	86	87	0.1284	0.1466	0.4971	-0.3596
ENSMUSG00000016559	H3f3b	E008	215.749941222376	0.00155344406116051	61.7883078951927	3.82438456466822e-15	3.62854420508583e-12	21.1797162964058	30.3359887346458	1.08310168163471	11	116024020	116024378	359	-	281	87	417	ENSMUST00000139378:H3f3b-203:ENSMUSE00000812725:Exon1:116023882:116024473	281	687	87	212	417	399	0.2903	0.2910	0.5110	-0.2204
ENSMUSG00000025290	Rps24	E022	54.5532486454308	0.019927232394068	47.374499791922	5.86405924198593e-12	4.60449975859523e-09	8.21045965901772	21.5682017903577	2.82610043596132	14	24493617	24494051	435	+	72	12	138	ENSMUST00000223939:Rps24-204:ENSMUSE00001426850:Exon4:24493383:24495845;ENSMUST00000225117:Rps24-211:ENSMUSE00001427604:Exon5:24493617:24494088;ENSMUST00000225994:Rps24-212:ENSMUSE00001423220:Exon3:24491907:24495858	72	850	12	264	138	107	0.0781	0.0435	0.5633	-0.5025
ENSMUSG00000020484	Xbp1	E007	71.3327458655376	0.00397547947686042	35.9347157126144	2.04040671882594e-09	9.67960445716365e-07	11.5402834487887	18.6050722267744	1.39911494018441	11	5523468	5524026	559	+	63	28	175	ENSMUST00000145588:Xbp1-202:ENSMUSE00000779911:Exon3:5523333:5524026	63	107	28	41	175	90	0.3706	0.4058	0.6604	-0.2722
ENSMUSG00000024843	Chka	E018	62.8492091477121	0.0109901338189243	33.6764953307871	6.508234726809e-09	2.90586299929741e-06	9.87975257525363	18.7704170232193	1.87704548242272	19	3875789	3878614	2826	+	58	31	130	ENSMUST00000124219:Chka-203:ENSMUSE00000767007:Exon3:3875735:3878614	58	37	31	44	130	14	0.6105	0.4133	0.9028	-0.3909
ENSMUSG00000061904	Slc25a3	E022	83.7217332091766	0.00431224834552314	26.3471159842073	2.85244520910852e-07	9.1483140643113e-05	13.0424823516483	19.582132036727	1.19374620255071	10	91122332	91123557	1226	-	86	33	191	ENSMUST00000172442:Slc25a3-208:ENSMUSE00000893702:Exon2:91119775:91123706	86	165	33	45	191	126	0.3426	0.4231	0.6025	-0.2197
ENSMUSG00000029657	Hsph1	E016	87.0834856799295	0.0356778758428938	20.1924780712644	7.00277546147169e-06	0.00135135762739976	8.5408539436558	19.9144368732577	2.47476153653709	5	149621188	149623464	2277	-	14	12	361	ENSMUST00000201431:Hsph1-204:ENSMUSE00001364502:Exon12:149620682:149623596	14	30	12	10	361	52	0.3182	0.5455	0.8741	-0.4422
ENSMUSG00000062751	Prss1	E004	862.360048724334	0.00389806437042065	18.600607781833	1.61169158021052e-05	0.00253102268779129	22.8821586059989	14.0862346511711	-1.43200712916123	6	41463185	41463321	137	+	1144	831	16	ENSMUST00000031910:Prss1-201:ENSMUSE00000971508:Exon4:41463185:41463321	1144	1617	831	928	16	87	0.4143	0.4724	0.1553	0.2881
ENSMUSG00000072115	Ang	E002	106.575670606085	0.00407033808128588	17.538893408185	2.81490215709132e-05	0.00388459112915504	16.8436119457132	16.2222935308095	-0.11048007050916	14	51101386	51102005	620	+	136	68	125	ENSMUST00000069011:Ang-201:ENSMUSE00001435528:Exon2:51101386:51102005;ENSMUST00000171688:Ang-202:ENSMUSE00001435484:Exon2:51101386:51102009	136	44	68	10	125	155	0.7556	0.8718	0.4464	0.3673
ENSMUSG00000093674	Rpl41	E008	58.7594506422611	0.00631954208734756	15.2003020414115	9.66879544936117e-05	0.0100994560173121	11.1260727785145	15.9884805643784	1.05923570889201	10	128548681	128548948	268	-	101	22	91	ENSMUST00000176184:Rpl41-202:ENSMUSE00000948058:Exon2:128548658:128548971;ENSMUST00000176966:Rpl41-205:ENSMUSE00000951942:Exon2:128548476:128548973;ENSMUST00000177513:Rpl41-207:ENSMUSE00000950797:Exon2:128548658:128548973	101	783	22	243	91	356	0.1143	0.0830	0.2036	-0.1049
ENSMUSG00000039568	Ubald1	E007	50.5016255208566	0.00661777125592665	13.8653237594377	0.000196388764508913	0.0170036827248382	10.1140388760647	14.1843080407568	0.985674287970689	16	4876422	4879616	3195	-	38	28	104	ENSMUST00000143873:Ubald1-202:ENSMUSE00000740037:Exon1:4875367:4879805	38	22	28	12	104	16	0.6333	0.7000	0.8667	-0.2001
ENSMUSG00000002265	Peg3	E014	190.357232273734	0.00803312782286597	13.1238981002462	0.0002915527826729	0.0226585270110738	14.0785012390648	18.9742512014184	0.877106833847019	7	6723216	6726489	3274	-	23	6	866	ENSMUST00000155910:Peg3-204:ENSMUSE00000814297:Exon2:6721933:6726574	23	6	6	2	866	40	0.7931	0.7500	0.9558	-0.1843
ENSMUSG00000031812	Map1lc3b	E010	72.0821924603259	0.0124074639382735	11.908597931646	0.000558754403766905	0.036043616227128	11.957785676389	17.6117401456749	1.13372566610817	8	121593651	121595985	2335	+	69	38	138	ENSMUST00000180548:Map1lc3b-202:ENSMUSE00001190995:Exon2:121593490:121596092	69	160	38	64	138	107	0.3013	0.3725	0.5633	-0.2264
ENSMUSG00000015165	Hnrnpl	E020	43.0556029012009	0.00684079166756633	11.6035642119509	0.000658255446736475	0.039864720153288	9.49657966353683	13.7049518062051	1.06811271278705	7	28815353	28816936	1584	+	36	16	111	ENSMUST00000173750:Hnrnpl-206:ENSMUSE00000935503:Exon6:28815280:28816960;ENSMUST00000174755:Hnrnpl-212:ENSMUSE00000932512:Exon6:28815280:28816936	36	37	16	13	111	48	0.4932	0.5517	0.6981	-0.1757
ENSMUSG00000090841	Myl6	E010	97.5802423388289	0.00281198006897219	11.2593778221261	0.000792217601259968	0.0457857538027684	14.7889436449282	18.8159781369265	0.708265072026991	10	128491720	128491764	45	-	146	47	141	ENSMUST00000217733:Myl6-202:ENSMUSE00001410509:Exon5:128490861:128492136;ENSMUST00000218127:Myl6-206:ENSMUSE00001412430:Exon6:128491720:128491764;ENSMUST00000218813:Myl6-209:ENSMUSE00001411699:Exon1:128490861:128493900	146	332	47	106	141	104	0.3054	0.3072	0.5755	-0.2692
