1	207626421	207631615	52174	CR2	chr1	207628363	207628677	207627363	207629677	207428363	207828677	250	5000
3	23241131	23244119	436209	UBE2E2	chr3	23243555	23245348	23242555	23246348	23043555	23445348	250	5000
3	123162906	123172340	465996	ADCY5	chr3	123167701	123168440	123166701	123169440	122967701	123368440	250	5000
3	185539619	185542734	485207	IGF2BP2	chr3	185541976	185543642	185540976	185544642	185341976	185743642	250	5000
5	96211797	96213064	577412	ERAP2	chr5	96211992	96212417	96210992	96213417	96011992	96412417	250	5000
6	20534506	20537350	608973	CDKAL1	chr6	20534655	20535143	20533655	20536143	20334655	20735143	250	5000
6	21571279	21593555	609296	SOX4	chr6	21592497	21594709	21591497	21595709	21392497	21794709	250	5000	LowCoverage
6	39267147	39283266	613959	KCNK17	chr6	39281863	39282269	39280863	39283269	39081863	39482269	250	5000
7	14941033	14947360	658107	DGKB	chr7	14942520	14944614	14941520	14945614	14742520	15144614	250	5000	LowCoverage
7	44206041	44229687	667136	GCK	chr7	44227715	44229264	44226715	44230264	44027715	44429264	250	5000	LowCoverage
8	41497473	41515373	711801	NKX6_3	chr8	41504034	41505076	41503034	41506076	41304034	41705076	250	5000
9	37031359	37041767	754400	PAX5	chr9	37034287	37034941	37033287	37035941	36834287	37234941	250	5000
9	139166187	139239132	777249	GPSM1	chr9	139219529	139222637	139218529	139223637	139019529	139467911	250	5000	LowCoverage*
9	139239132	139260523	777250	DNLZ	chr9	139257855	139258505	139256855	139259505	139019529	139467911	250	5000
9	139263708	139277778	777254	CARD9	chr9	139266716	139267911	139265716	139268911	139019529	139467911	250	5000
10	12385399	12395980	67868	CAMK1D	chr10	12390723	12391883	12389723	12392883	12190723	12591883	250	5000
10	114706030	114714217	96744	TCF7L2	chr10	114709893	114710053	114708893	114711053	114509893	114910053	250	5000
11	47280813	47294257	116442	MADD	chr11	47290889	47292531	47289889	47293531	47090889	47492531	250	5000
11	72501473	72509823	122846	STARD10	chr11	72504730	72504970	72503730	72505970	72304730	72704970	250	5000
12	56110762	56113719	158037	RDH5	chr12	56112971	56114416	56111971	56115416	55912971	56314416	250	5000
13	43139574	43151723	188056	TNFSF11	chr13	43147878	43148684	43146878	43149684	42947878	43348684	250	5000	LowCoverage
14	100835242	100851501	234583	WARS	chr14	100841446	100842116	100840446	100843116	100641446	101042116	250	5000
15	71142259	71151656	250237	LARP6	chr15	71146717	71146930	71145717	71147930	70946717	71346930	250	5000
15	77706054	77714503	252022	HMG20A	chr15	77711490	77713409	77710490	77714409	77511490	77913409	250	5000
15	90419916	90463032	255348	AP3S2	chr15	90437421	90437774	90436421	90438774	90237421	90656177	250	5000
15	90419916	90463032	255348	C15orf38-AP3S2	chr15	90455911	90456177	90454911	90457177	90237421	90656177	250	5000
17	7381159	7390719	280227	POLR2A	chr17	7387121	7388466	7386121	7389466	7187121	7588466	250	5000
